1 0.998046875 1 0.998046875 0.822265625 0.970703125 0.775390625 0.96875 0.685546875 0.998046875 0.66796875 0.998046875 0.001953125 0.8984375 0.001953125 0.89453125 0.021484375 0.87890625 0.029296875 0.859375 0.005859375 0.8359375 0.001953125 0 0.001953125 0 0.91015625 0.0546875 0.939453125 0.076171875 0.9921875 0.068359375 1 0.37109375 1 0.365234375 0.98828125 0.380859375 0.974609375 0.39453125 1 0.533203125 1 0.548828125 0.9375 0.5703125 0.94140625 0.59375 1 0.998046875 1
3 0.712890625 0.26171875 0.728515625 0.28125 0.744140625 0.279296875 0.755859375 0.287109375 0.77734375 0.279296875 0.802734375 0.310546875 0.83203125 0.326171875 0.873046875 0.310546875 0.904296875 0.267578125 0.88671875 0.16015625 0.896484375 0.12890625 0.919921875 0.1015625 0.91796875 0.046875 0.904296875 0.046875 0.8828125 0.080078125 0.86328125 0.146484375 0.83984375 0.15234375 0.830078125 0.166015625 0.8125 0.171875 0.771484375 0.169921875 0.759765625 0.158203125 0.755859375 0.138671875 0.666015625 0.064453125 0.669921875 0.046875 0.681640625 0.041015625 0.66015625 0.048828125 0.619140625 0.04296875 0.564453125 0.05078125 0.517578125 0.07421875 0.494140625 0.10546875 0.474609375 0.1171875 0.4609375 0.154296875 0.419921875 0.197265625 0.34765625 0.23046875 0.298828125 0.232421875 0.20703125 0.271484375 0.162109375 0.31640625 0.162109375 0.353515625 0.146484375 0.40625 0.146484375 0.4140625 0.19140625 0.4609375 0.1953125 0.4921875 0.205078125 0.50390625 0.26953125 0.505859375 0.27734375 0.498046875 0.275390625 0.48046875 0.712890625 0.26171875
3 0.38671875 1 0.37109375 0.962890625 0.41015625 0.951171875 0.435546875 0.966796875 0.455078125 0.9609375 0.482421875 0.9375 0.490234375 0.916015625 0.484375 0.869140625 0.5 0.85546875 0.541015625 0.87109375 0.66015625 0.853515625 0.677734375 0.8125 0.6796875 0.78515625 0.64453125 0.7421875 0.568359375 0.69140625 0.556640625 0.669921875 0.533203125 0.669921875 0.509765625 0.68359375 0.50390625 0.6953125 0.5 0.720703125 0.5078125 0.736328125 0.369140625 0.90234375 0.34765625 0.896484375 0.32421875 0.908203125 0.314453125 0.923828125 0.30078125 0.921875 0.302734375 0.9453125 0.318359375 0.939453125 0.341796875 0.943359375 0.376953125 1 0.38671875 1
3 0.9296875 0.796875 0.9375 0.7890625 0.955078125 0.791015625 0.962890625 0.779296875 0.98828125 0.791015625 0.998046875 0.810546875 0.998046875 0.673828125 0.974609375 0.68359375 0.794921875 0.5703125 0.78515625 0.552734375 0.763671875 0.55078125 0.755859375 0.572265625 0.767578125 0.609375 0.75 0.64453125 0.748046875 0.671875 0.79296875 0.703125 0.779296875 0.751953125 0.810546875 0.810546875 0.822265625 0.822265625 0.859375 0.833984375 0.884765625 0.87890625 0.880859375 0.904296875 0.888671875 0.927734375 0.90234375 0.931640625 0.916015625 0.912109375 0.904296875 0.828125 0.9296875 0.796875
5 0.580078125 0.4765625 0.58203125 0.458984375 0.607421875 0.41796875 0.611328125 0.376953125 0.595703125 0.357421875 0.603515625 0.34765625 0.6796875 0.3515625 0.859375 0.400390625 0.873046875 0.392578125 0.671875 0.33984375 0.572265625 0.337890625 0.537109375 0.322265625 0.53515625 0.337890625 0.50390625 0.376953125 0.501953125 0.4140625 0.490234375 0.4375 0.455078125 0.44140625 0.435546875 0.46484375 0.435546875 0.51171875 0.447265625 0.533203125 0.478515625 0.560546875 0.513671875 0.5703125 0.560546875 0.56640625 0.55078125 0.55859375 0.552734375 0.484375 0.580078125 0.4765625
5 0.3203125 0.751953125 0.3359375 0.681640625 0.296875 0.60546875 0.298828125 0.572265625 0.310546875 0.546875 0.349609375 0.5 0.3984375 0.474609375 0.41015625 0.421875 0.40625 0.41015625 0.388671875 0.470703125 0.34375 0.4921875 0.296875 0.546875 0.28515625 0.599609375 0.326171875 0.6875 0.314453125 0.740234375 0.314453125 0.751953125 0.3203125 0.751953125
5 0 0.6796875 0.001953125 0.6875 0.021484375 0.689453125 0.03125 0.71484375 0.029296875 0.763671875 0.0390625 0.7890625 0.05859375 0.7890625 0.0390625 0.75 0.0390625 0.69140625 0 0.6796875
5 0 0.173828125 0.017578125 0.173828125 0.037109375 0.162109375 0.041015625 0.140625 0.025390625 0.08984375 0 0.0703125 0.021484375 0.1015625 0.029296875 0.12890625 0.03125 0.15625 0 0.16796875 0 0.173828125
5 0.0625 1 0.064453125 0.97265625 0.044921875 0.935546875 0.001953125 0.919921875 0 0.927734375 0.029296875 0.9375 0.046875 0.955078125 0.0546875 0.98046875 0.05078125 1 0.0625 1
4 0.5859375 1 0.564453125 0.94140625 0.546875 0.9453125 0.5390625 0.994140625 0.5390625 1 0.5859375 1
4 0.9453125 1 0.95703125 0.970703125 0.9296875 0.94921875 0.916015625 0.962890625 0.90625 1 0.9453125 1