2 0.490234375 0.447265625 0.462890625 0.505859375 0.46875 0.55859375 0.5078125 0.568359375 0.51953125 0.607421875 0.55859375 0.609375 0.603515625 0.548828125 0.650390625 0.5390625 0.66796875 0.5078125 0.662109375 0.470703125 0.625 0.4375 0.61328125 0.400390625 0.58203125 0.37109375 0.546875 0.376953125 0.501953125 0.4140625 0.48828125 0.43359375 0.490234375 0.447265625
1 0.001953125 0 0.001953125 0.6796875 0.01953125 0.69921875 0.13671875 0.779296875 0.306640625 0.88671875 0.40234375 0.7265625 0.421875 0.71484375 0.47265625 0.748046875 0.490234375 0.75 0.626953125 0.841796875 0.6484375 0.84765625 0.67578125 0.873046875 0.712890625 0.8828125 0.73046875 0.904296875 0.748046875 0.904296875 0.76953125 0.927734375 0.873046875 0.98828125 0.876953125 0.998046875 1 0.998046875 1 0.873046875 0.98828125 0.86328125 0.97265625 0.865234375 0.95703125 0.83984375 0.984375 0.79296875 0.953125 0.732421875 0.951171875 0.708984375 0.966796875 0.6376953125 1 0.59375 1 0.248046875 0.98828125 0.2421875 0.9765625 0.220703125 0.876953125 0.216796875 0.845703125 0.19140625 0.833984375 0.1640625 0.837890625 0.1328125 0.828125 0.1015625 0.869140625 0.068359375 0.888671875 0.02734375 0.892578125 0 0.525390625 0 0.529296875 0.013671875 0.509765625 0.015625 0.5 0 0.001953125 0
4 0.1640625 0.58984375 0.240234375 0.611328125 0.306640625 0.6171875 0.3203125 0.498046875 0.3203125 0.46875 0.314453125 0.466796875 0.203125 0.453125 0.1953125 0.470703125 0.19140625 0.52734375 0.1640625 0.58984375
4 0.607421875 0.58203125 0.59765625 0.626953125 0.6875 0.66796875 0.744140625 0.666015625 0.77734375 0.5625 0.716796875 0.533203125 0.66796875 0.517578125 0.658203125 0.533203125 0.626953125 0.546875 0.607421875 0.58203125
4 0.221951513671875 0.300922197265625 0.220703125 0.2890625 0.24609375 0.267578125 0.26171875 0.23046875 0.248046875 0.177734375 0.216796875 0.1796875 0.205078125 0.1875 0.185546875 0.251953125 0.1875 0.26953125 0.201171875 0.271484375 0.221951513671875 0.300922197265625
5 1 0.119140625 0.974609375 0.11328125 0.94921875 0.0703125 0.90234375 0.142578125 0.869140625 0.15625 0.857421875 0.140625 0.85546875 0.158203125 0.865234375 0.17578125 0.861328125 0.193359375 0.876953125 0.205078125 1 0.232421875 1 0.119140625
5 0.927734375 0.8515625 0.853515625 0.84375 0.75390625 0.8046875 0.68359375 0.810546875 0.669921875 0.822265625 0.7578125 0.818359375 0.837890625 0.853515625 0.890625 0.865234375 0.9296875 0.865234375 0.974609375 0.85546875 1 0.8125 0.99609375 0.798828125 0.984375 0.810546875 0.974609375 0.83984375 0.927734375 0.8515625
5 0.49609375 0.23828125 0.466796875 0.25390625 0.392578125 0.25 0.390625 0.259765625 0.4453125 0.263671875 0.474609375 0.2578125 0.509765625 0.236328125 0.533203125 0.208984375 0.546875 0.15625 0.546875 0.111328125 0.5234375 0.005859375 0.51171875 0 0.541015625 0.134765625 0.525390625 0.20703125 0.49609375 0.23828125
5 0.19921875 0.1953125 0.208984375 0.185546875 0.205078125 0.15234375 0.21484375 0.099609375 0.240234375 0.04296875 0.2734375 0.001953125 0.2578125 0 0.208984375 0.076171875 0.193359375 0.140625 0.19921875 0.1953125
5 1 0.76171875 0.970703125 0.708984375 0.98046875 0.646484375 1 0.625 0.99609375 0.611328125 0.97265625 0.642578125 0.9609375 0.708984375 0.97265625 0.751953125 1 0.794921875 1 0.76171875
5 0.19140625 0.423828125 0.212890625 0.392578125 0.232421875 0.283203125 0.2265625 0.26953125 0.21875 0.283203125 0.20703125 0.37890625 0.169921875 0.435546875 0.19140625 0.423828125