2 0.328125 0 0.337890625 0.021484375 0.37890625 0.041015625 0.37890625 0.052734375 0.35546875 0.07421875 0.32421875 0.080078125 0.314453125 0.1015625 0.27734375 0.13671875 0.259765625 0.140625 0.234375 0.162109375 0.21875 0.181640625 0.19921875 0.2421875 0.181640625 0.248046875 0.162109375 0.23828125 0.099609375 0.240234375 0.080078125 0.21875 0.044921875 0.21875 0.015625 0.279296875 0.001953125 0.29296875 0.005859375 0.560546875 0.015625 0.583984375 0.068359375 0.587890625 0.083984375 0.623046875 0.025390625 0.673828125 0.025390625 0.693359375 0.0078125 0.72265625 0.01171875 0.736328125 0.001953125 0.755859375 0.001953125 0.998046875 1 0.994140625 1 0.986328125 0.984375 0.984375 0.984375 0.96875 0.994140625 0.962890625 0.990234375 0.888671875 1 0.869140625 1 0.14453125 0.9765625 0.087890625 0.947265625 0.068359375 0.935546875 0.0703125 0.931640625 0.080078125 0.884765625 0.080078125 0.8515625 0.068359375 0.7734375 0.078125 0.748046875 0.044921875 0.7421875 0.021484375 0.724609375 0.009765625 0.716796875 0.013671875 0.705078125 0 0.328125 0
5 0.5625 0.048828125 0.552734375 0.072265625 0.515625 0.1171875 0.515625 0.12890625 0.529296875 0.130859375 0.529296875 0.15625 0.517578125 0.158203125 0.552734375 0.1640625 0.603515625 0.142578125 0.640625 0.111328125 0.619140625 0.109375 0.60546875 0.0625 0.619140625 0.05859375 0.611328125 0.052734375 0.619140625 0.03125 0.63671875 0.03125 0.642578125 0.01171875 0.65625 0.00390625 0.537109375 0 0.537109375 0.015625 0.556640625 0.03125 0.5625 0.048828125
5 0.404296875 0.984375 0.390625 0.984375 0.37890625 0.998046875 0.548828125 0.998046875 0.5390625 0.970703125 0.501953125 0.927734375 0.517578125 0.890625 0.50390625 0.884765625 0.490234375 0.892578125 0.40625 0.97265625 0.404296875 0.984375
5 0.3125 0.482421875 0.349609375 0.484375 0.46484375 0.53515625 0.470703125 0.55859375 0.482421875 0.560546875 0.5 0.5859375 0.5234375 0.693359375 0.50390625 0.712890625 0.474609375 0.693359375 0.41015625 0.685546875 0.306640625 0.705078125 0.3046875 0.71484375 0.328125 0.724609375 0.384765625 0.703125 0.45703125 0.705078125 0.51953125 0.73046875 0.53515625 0.716796875 0.533203125 0.67578125 0.5078125 0.583984375 0.482421875 0.52734375 0.359375 0.47265625 0.318359375 0.47265625 0.291015625 0.484375 0.283203125 0.49609375 0.3125 0.482421875
5 0.5234375 0.490234375 0.544921875 0.4921875 0.78515625 0.41015625 0.794921875 0.404296875 0.791015625 0.3984375 0.724609375 0.40625 0.64453125 0.44140625 0.576171875 0.45703125 0.5234375 0.490234375
5 0.8515625 0.548828125 0.87890625 0.595703125 0.9375 0.6171875 0.935546875 0.6015625 0.890625 0.583984375 0.875 0.548828125 0.85546875 0.533203125 0.79765625 0.53125 0.77734375 0.515625 0.751953125 0.48046875 0.74609375 0.45703125 0.7578125 0.423828125 0.74609375 0.423828125 0.734375 0.46875 0.7734375 0.529296875 0.8515625 0.548828125
5 0.654296875 0.650390625 0.6484375 0.630859375 0.666015625 0.599609375 0.767578125 0.611328125 0.828125 0.634765625 0.828125 0.626953125 0.78125 0.603515625 0.697265625 0.59375 0.6484375 0.59765625 0.640625 0.619140625 0.6484375 0.654296875 0.654296875 0.650390625
5 0.53125 0.849609375 0.55078125 0.8515625 0.5625 0.83984375 0.6328125 0.74609375 0.65234375 0.67578125 0.64453125 0.671875 0.619140625 0.75 0.564453125 0.822265625 0.53125 0.849609375
5 0.595703125 0.240234375 0.662109375 0.212890625 0.67578125 0.203125 0.587890625 0.220703125 0.580078125 0.228515625 0.595703125 0.240234375
5 0.91796875 0.6484375 0.955078125 0.71484375 0.953125 0.693359375 0.91796875 0.6328125 0.904296875 0.626953125 0.8828125 0.63671875 0.900390625 0.63671875 0.91796875 0.6484375
5 1 0.71875 0.990234375 0.666015625 0.97265625 0.640625 0.962890625 0.640625 0.9921875 0.6953125 0.986328125 0.71484375 0.998046875 0.763671875 0.966796875 0.787109375 0.94921875 0.78125 0.94921875 0.7578125 0.939453125 0.779296875 0.900390625 0.796875 0.904296875 0.802734375 0.923828125 0.802734375 1 0.77734375 1 0.71875