1 0.08984375 0 0.060546875 0.0546875 0.0078125 0.076171875 0 0.068359375 0 0.37109375 0.01171875 0.365234375 0.025390625 0.380859375 0 0.39453125 0 0.533203125 0.0625 0.548828125 0.05859375 0.5703125 0 0.59375 0 0.998046875 0.177734375 0.998046875 0.224609375 0.970703125 0.314453125 0.96875 0.33203125 0.998046875 0.998046875 0.998046875 0.998046875 0.8984375 0.978515625 0.89453125 0.970703125 0.87890625 0.994140625 0.859375 0.998046875 0.8359375 0.998046875 0 0.08984375 0
3 0.501953125 0.27734375 0.51953125 0.275390625 0.73828125 0.712890625 0.71875 0.728515625 0.720703125 0.744140625 0.712890625 0.755859375 0.720703125 0.77734375 0.689453125 0.802734375 0.673828125 0.83203125 0.689453125 0.873046875 0.732421875 0.904296875 0.83984375 0.88671875 0.87109375 0.896484375 0.8984375 0.919921875 0.953125 0.91796875 0.953125 0.904296875 0.919921875 0.8828125 0.853515625 0.86328125 0.84765625 0.83984375 0.833984375 0.830078125 0.828125 0.8125 0.830078125 0.771484375 0.841796875 0.759765625 0.861328125 0.755859375 0.935546875 0.666015625 0.953125 0.669921875 0.958984375 0.681640625 0.951171875 0.66015625 0.95703125 0.619140625 0.94921875 0.564453125 0.92578125 0.517578125 0.89453125 0.494140625 0.8828125 0.474609375 0.845703125 0.4609375 0.802734375 0.419921875 0.76953125 0.34765625 0.767578125 0.298828125 0.728515625 0.20703125 0.68359375 0.162109375 0.646484375 0.162109375 0.59375 0.146484375 0.5859375 0.146484375 0.5390625 0.19140625 0.5078125 0.1953125 0.49609375 0.205078125 0.494140625 0.26953125 0.501953125 0.27734375
3 0 0.38671875 0.037109375 0.37109375 0.048828125 0.41015625 0.033203125 0.435546875 0.0390625 0.455078125 0.0625 0.482421875 0.083984375 0.490234375 0.130859375 0.484375 0.14453125 0.5 0.12890625 0.541015625 0.146484375 0.66015625 0.1875 0.677734375 0.21484375 0.6796875 0.2578125 0.64453125 0.30859375 0.568359375 0.330078125 0.556640625 0.330078125 0.533203125 0.31640625 0.509765625 0.3046875 0.50390625 0.279296875 0.5 0.263671875 0.5078125 0.09765625 0.369140625 0.103515625 0.34765625 0.091796875 0.32421875 0.076171875 0.314453125 0.078125 0.30078125 0.0546875 0.302734375 0.060546875 0.318359375 0.056640625 0.341796875 0 0.376953125 0 0.38671875
3 0.087890625 0.916015625 0.171875 0.904296875 0.203125 0.9296875 0.2109375 0.9375 0.208984375 0.955078125 0.220703125 0.962890625 0.208984375 0.98828125 0.189453125 0.998046875 0.326171875 0.998046875 0.31640625 0.974609375 0.4296875 0.794921875 0.447265625 0.78515625 0.44921875 0.763671875 0.427734375 0.755859375 0.390625 0.767578125 0.35546875 0.75 0.328125 0.748046875 0.296875 0.79296875 0.248046875 0.779296875 0.189453125 0.810546875 0.177734375 0.822265625 0.166015625 0.859375 0.12109375 0.884765625 0.095703125 0.880859375 0.072265625 0.888671875 0.068359375 0.90234375 0.087890625 0.916015625
5 0.44140625 0.55078125 0.515625 0.552734375 0.5234375 0.580078125 0.541015625 0.58203125 0.58203125 0.607421875 0.623046875 0.611328125 0.642578125 0.595703125 0.65234375 0.603515625 0.6484375 0.6796875 0.599609375 0.859375 0.607421875 0.873046875 0.66015625 0.671875 0.662109375 0.572265625 0.677734375 0.537109375 0.662109375 0.53515625 0.623046875 0.50390625 0.5859375 0.501953125 0.5625 0.490234375 0.55859375 0.455078125 0.53515625 0.435546875 0.48828125 0.435546875 0.466796875 0.447265625 0.439453125 0.478515625 0.4296875 0.513671875 0.43359375 0.560546875 0.44140625 0.55078125
5 0.259765625 0.314453125 0.248046875 0.314453125 0.248046875 0.3203125 0.318359375 0.3359375 0.39453125 0.296875 0.427734375 0.298828125 0.453125 0.310546875 0.5 0.349609375 0.525390625 0.3984375 0.578125 0.41015625 0.58984375 0.40625 0.529296875 0.388671875 0.5078125 0.34375 0.453125 0.296875 0.400390625 0.28515625 0.3125 0.326171875 0.259765625 0.314453125
5 0.25 0.0390625 0.30859375 0.0390625 0.3203125 0 0.3125 0.001953125 0.310546875 0.021484375 0.28515625 0.03125 0.236328125 0.029296875 0.2109375 0.0390625 0.2109375 0.05859375 0.25 0.0390625
5 0.826171875 0 0.826171875 0.017578125 0.837890625 0.037109375 0.859375 0.041015625 0.91015625 0.025390625 0.9296875 0 0.8984375 0.021484375 0.87109375 0.029296875 0.84375 0.03125 0.83203125 0 0.826171875 0
5 0 0.0625 0.02734375 0.064453125 0.064453125 0.044921875 0.080078125 0.001953125 0.072265625 0 0.0625 0.029296875 0.044921875 0.046875 0.01953125 0.0546875 0 0.05078125 0 0.0625
4 0 0.5859375 0.05859375 0.564453125 0.0546875 0.546875 0.005859375 0.5390625 0 0.5390625 0 0.5859375
4 0 0.9453125 0.029296875 0.95703125 0.05078125 0.9296875 0.037109375 0.916015625 0 0.90625 0 0.9453125