1 0.005859375 0 0.009765625 0.126953125 0.00390625 0.1484375 0.0078125 0.173828125 0.001953125 0.2265625 0.001953125 0.998046875 0.47265625 0.998046875 0.48828125 0.98046875 0.529296875 0.984375 0.55859375 0.998046875 0.736328125 0.998046875 0.740234375 0.953125 0.6640625 0.88671875 0.666015625 0.873046875 0.689453125 0.84765625 0.69921875 0.849609375 0.71875 0.869140625 0.666015625 0.759765625 0.658203125 0.724609375 0.654296875 0.638671875 0.66015625 0.587890625 0.677734375 0.5390625 0.701171875 0.498046875 0.767578125 0.44921875 0.84765625 0.423828125 0.87109375 0.400390625 0.92578125 0.37109375 1 0.369140625 1 0.3591640625 1 0 0.005859375 0
1 1 0.4765625 0.9453125 0.447265625 0.89453125 0.43359375 0.869140625 0.43359375 0.845703125 0.453125 0.833984375 0.4453125 0.8125 0.44921875 0.771484375 0.46484375 0.7734375 0.47265625 0.744140625 0.48046875 0.72265625 0.498046875 0.701171875 0.529296875 0.681640625 0.578125 0.669921875 0.66015625 0.685546875 0.75 0.751953125 0.873046875 0.759765625 0.90625 0.8125 0.947265625 0.7890625 0.9765625 0.76171875 0.97265625 0.7578125 0.998046875 0.908203125 0.998046875 0.908203125 0.978515625 0.88671875 0.9765625 0.80859375 0.90234375 0.826171875 0.85546875 0.896484375 0.791015625 0.91015625 0.78515625 0.921875 0.7890625 0.962890625 0.833984375 0.994140625 0.85546875 1 0.853515625 1 0.843595703125 1 0.4765625
4 1 0.86328125 0.95703125 0.833984375 0.927734375 0.798828125 0.908203125 0.7890625 0.876953125 0.80859375 0.8359375 0.849609375 0.81640625 0.884765625 0.814453125 0.904296875 0.888671875 0.97265625 0.900390625 0.974609375 0.9140625 0.966796875 0.919921875 0.998046875 1 0.998046875 1 0.958984375 0.984375 0.935546875 0.984375 0.89453125 1 0.873046875 1 0.86328125
4 0.767578125 0.833984375 0.8203125 0.810546875 0.8984375 0.76171875 0.8984375 0.75390625 0.849609375 0.673828125 0.78515625 0.6953125 0.71484375 0.73828125 0.767578125 0.833984375
4 0.537109375 0.521484375 0.55859375 0.546875 0.6171875 0.556640625 0.63671875 0.552734375 0.6484375 0.54296875 0.658203125 0.51171875 0.658203125 0.50390625 0.634765625 0.51171875 0.591796875 0.51171875 0.55859375 0.49609375 0.537109375 0.521484375
4 0.73828125 0.9453125 0.75 0.94921875 0.75 0.943359375 0.75 0.9306640625 0.744140625 0.8984375 0.689453125 0.8515625 0.666015625 0.88671875 0.73828125 0.9453125
4 0.783203125 0.9765625 0.806640625 0.951171875 0.806640625 0.947265625 0.765625 0.91796875 0.759765625 0.921875 0.76171875 0.96484375 0.783203125 0.9765625
5 1 0.373046875 0.94921875 0.37109375 0.90625 0.3828125 0.857421875 0.421875 0.7734375 0.451171875 0.732421875 0.474609375 0.7109375 0.4921875 0.69140625 0.51953125 0.6640625 0.591796875 0.658203125 0.66015625 0.6640625 0.732421875 0.6796875 0.77734375 0.748046875 0.90625 0.75390625 0.90625 0.748046875 0.880859375 0.6875 0.763671875 0.66796875 0.70703125 0.671875 0.59765625 0.6953125 0.533203125 0.71875 0.49609375 0.744140625 0.4765625 0.830078125 0.44140625 0.84765625 0.44921875 0.87109375 0.4296875 0.916015625 0.43359375 1 0.470703125 1 0.45703125 0.9609375 0.435546875 0.875 0.41796875 0.9296875 0.3828125 1 0.384765625 1 0.373046875
5 0.7578125 0.951171875 0.7578125 0.94921875 0.75390625 0.9375 0.740234375 0.998046875 0.751953125 0.998046875 0.7578125 0.951171875
1 1 0.388671875 0.994140625 0.384765625 0.927734375 0.38671875 0.8828125 0.4140625 0.94140625 0.42578125 1 0.453125 1 0.4423828125 1 0.388671875
4 0.478515625 0.998046875 0.489396484375 0.998046875 0.5546875 0.998046875 0.509765625 0.984375 0.486328125 0.984375 0.478515625 0.998046875