2 0.14453125 0 0.087890625 0.0234375 0.068359375 0.052734375 0.0703125 0.064453125 0.080078125 0.068359375 0.080078125 0.115234375 0.068359375 0.1484375 0.078125 0.2265625 0.044921875 0.251953125 0.021484375 0.2578125 0.009765625 0.275390625 0.013671875 0.283203125 0 0.294921875 0 0.671875 0.021484375 0.662109375 0.041015625 0.62109375 0.052734375 0.62109375 0.07421875 0.64453125 0.080078125 0.67578125 0.1015625 0.685546875 0.13671875 0.72265625 0.140625 0.740234375 0.162109375 0.765625 0.181640625 0.78125 0.2421875 0.80078125 0.248046875 0.818359375 0.23828125 0.837890625 0.240234375 0.900390625 0.21875 0.919921875 0.21875 0.955078125 0.279296875 0.984375 0.29296875 0.998046875 0.560546875 0.994140625 0.583984375 0.984375 0.587890625 0.931640625 0.623046875 0.916015625 0.673828125 0.974609375 0.693359375 0.974609375 0.72265625 0.9921875 0.736328125 0.98828125 0.755859375 0.998046875 0.998046875 0.998046875 0.994140625 0 0.986328125 0 0.984375 0.015625 0.96875 0.015625 0.962890625 0.005859375 0.888671875 0.009765625 0.869140625 0 0.14453125 0
5 0.048828125 0.4375 0.072265625 0.447265625 0.1171875 0.484375 0.12890625 0.484375 0.130859375 0.470703125 0.15625 0.470703125 0.158203125 0.482421875 0.1640625 0.447265625 0.142578125 0.396484375 0.111328125 0.359375 0.109375 0.380859375 0.0625 0.39453125 0.05859375 0.380859375 0.052734375 0.388671875 0.03125 0.380859375 0.03125 0.36328125 0.01171875 0.357421875 0.00390625 0.34375 0 0.462890625 0.015625 0.462890625 0.03125 0.443359375 0.048828125 0.4375
5 0.984375 0.595703125 0.984375 0.609375 0.998046875 0.62109375 0.998046875 0.451171875 0.970703125 0.4609375 0.927734375 0.498046875 0.890625 0.482421875 0.884765625 0.49609375 0.892578125 0.509765625 0.97265625 0.59375 0.984375 0.595703125
5 0.482421875 0.6875 0.484375 0.650390625 0.53515625 0.53515625 0.55859375 0.529296875 0.560546875 0.517578125 0.5859375 0.5 0.693359375 0.4765625 0.712890625 0.49609375 0.693359375 0.525390625 0.685546875 0.58984375 0.705078125 0.693359375 0.71484375 0.6953125 0.724609375 0.671875 0.703125 0.615234375 0.705078125 0.54296875 0.73046875 0.48046875 0.716796875 0.46484375 0.67578125 0.466796875 0.583984375 0.4921875 0.52734375 0.517578125 0.47265625 0.640625 0.47265625 0.681640625 0.484375 0.708984375 0.49609375 0.716796875 0.482421875 0.6875
5 0.490234375 0.4765625 0.4921875 0.455078125 0.41015625 0.21484375 0.404296875 0.205078125 0.3984375 0.208984375 0.40625 0.275390625 0.44140625 0.35546875 0.45703125 0.423828125 0.490234375 0.4765625
5 0.548828125 0.1484375 0.595703125 0.12109375 0.6171875 0.0625 0.6015625 0.064453125 0.583984375 0.109375 0.548828125 0.125 0.533203125 0.14453125 0.53125 0.20234375 0.515625 0.22265625 0.48046875 0.248046875 0.45703125 0.25390625 0.423828125 0.2421875 0.423828125 0.25390625 0.46875 0.265625 0.529296875 0.2265625 0.548828125 0.1484375
5 0.650390625 0.345703125 0.630859375 0.3515625 0.599609375 0.333984375 0.611328125 0.232421875 0.634765625 0.171875 0.626953125 0.171875 0.603515625 0.21875 0.59375 0.302734375 0.59765625 0.3515625 0.619140625 0.359375 0.654296875 0.3515625 0.650390625 0.345703125
5 0.849609375 0.46875 0.8515625 0.44921875 0.83984375 0.4375 0.74609375 0.3671875 0.67578125 0.34765625 0.671875 0.35546875 0.75 0.380859375 0.822265625 0.435546875 0.849609375 0.46875
5 0.240234375 0.404296875 0.212890625 0.337890625 0.203125 0.32421875 0.220703125 0.412109375 0.228515625 0.419921875 0.240234375 0.404296875
5 0.6484375 0.08203125 0.71484375 0.044921875 0.693359375 0.046875 0.6328125 0.08203125 0.626953125 0.095703125 0.63671875 0.1171875 0.63671875 0.099609375 0.6484375 0.08203125
5 0.71875 0 0.666015625 0.009765625 0.640625 0.02734375 0.640625 0.037109375 0.6953125 0.0078125 0.71484375 0.013671875 0.763671875 0.001953125 0.787109375 0.033203125 0.78125 0.05078125 0.7578125 0.05078125 0.779296875 0.060546875 0.796875 0.099609375 0.802734375 0.095703125 0.802734375 0.076171875 0.77734375 0 0.71875 0