2 0.998046875 1 0.998046875 0.541015625 0.97265625 0.525390625 0.91015625 0.51171875 0.859375 0.517578125 0.82421875 0.541015625 0.78125 0.61328125 0.775390625 0.67578125 0.787109375 0.71484375 0.818359375 0.724609375 0.826171875 0.759765625 0.79296875 0.76171875 0.6796875 0.79296875 0.62109375 0.822265625 0.568359375 0.876953125 0.552734375 0.91796875 0.55078125 0.966796875 0.5625 1 0.998046875 1
2 0 0.578125 0.029296875 0.578125 0.060546875 0.552734375 0.07421875 0.53125 0.078125 0.482421875 0.095703125 0.45703125 0.134765625 0.423828125 0.177734375 0.412109375 0.177734375 0.267578125 0.189453125 0.185546875 0.279296875 0.00390625 0 0.001953125 0 0.578125
2 0.5390625 1 0.53125 0.953125 0.537109375 0.900390625 0.5546875 0.865234375 0.58984375 0.822265625 0.6875 0.76953125 0.802734375 0.7421875 0.7734375 0.71484375 0.765625 0.697265625 0.763671875 0.6328125 0.7890625 0.55859375 0.8359375 0.505859375 0.7734375 0.5 0.740234375 0.482421875 0.62890625 0.453125 0.52734375 0.447265625 0.478515625 0.42578125 0.423828125 0.388671875 0.140625 0.453125 0.109375 0.478515625 0.099609375 0.49609375 0.087890625 0.560546875 0.048828125 0.59375 0 0.599609375 0 0.962890625 0.005859375 0.98046875 0 1 0.34765625 1 0.357421875 0.982421875 0.380859375 0.98828125 0.37890625 1 0.5390625 1
0 0 0.59375 0.037109375 0.591796875 0.068359375 0.5703125 0.083984375 0.55078125 0.09375 0.48828125 0.140625 0.447265625 0.421875 0.3828125 0.48046875 0.421875 0.537109375 0.443359375 0.62890625 0.447265625 0.662109375 0.458984375 0.71875 0.46484375 0.76953125 0.490234375 0.8125 0.498046875 0.900390625 0.501953125 0.9921875 0.494140625 0.998046875 0.4921875 0.998046875 0.44921875 0.91796875 0.44921875 0.890625 0.44140625 0.755859375 0.43359375 0.62109375 0.41015625 0.5390625 0.404296875 0.494140625 0.38671875 0.427734375 0.330078125 0.392578125 0.306640625 0.37890625 0.306640625 0.359375 0.3203125 0.359375 0.328125 0.390625 0.35546875 0.36328125 0.373046875 0.296875 0.396484375 0.13671875 0.431640625 0.091796875 0.474609375 0.08203125 0.533203125 0.0703125 0.552734375 0.02734375 0.5859375 0 0.587890625 0 0.59375
2 0 0.578125 0.029296875 0.578125 0.072265625 0.537109375 0.078125 0.484375 0.095703125 0.458984375 0.1328125 0.423828125 0.177734375 0.412109375 0.177734375 0.2421875 0.1875 0.18359375 0.27734375 0.001953125 0 0.001953125 0 0.578125
2 0.349609375 0.33203125 0.359375 0.306640625 0.390625 0.298828125 0.451171875 0.337890625 0.4921875 0.380859375 0.5390625 0.3984375 0.6484375 0.40625 0.7578125 0.427734375 0.9921875 0.44140625 0.998046875 0.4375 0.99609375 0.00390625 0.490234375 0.001953125 0.494140625 0.0546875 0.48828125 0.080078125 0.40625 0.0546875 0.34765625 0.01171875 0.31640625 0.005859375 0.28515625 0.03515625 0.251953125 0.087890625 0.22265625 0.16015625 0.216796875 0.3671875 0.224609375 0.40625 0.279296875 0.396484375 0.375 0.361328125 0.373046875 0.34765625 0.349609375 0.33203125
2 0.998046875 1 0.998046875 0.541015625 0.970703125 0.525390625 0.912109375 0.51171875 0.86328125 0.515625 0.822265625 0.541015625 0.791015625 0.587890625 0.77734375 0.625 0.7734375 0.666015625 0.7890625 0.71484375 0.837890625 0.732421875 0.82421875 0.7578125 0.681640625 0.791015625 0.6171875 0.822265625 0.578125 0.861328125 0.560546875 0.890625 0.55078125 0.96875 0.5625 1 0.998046875 1
5 0.185546875 0.224609375 0.185546875 0.4140625 0.216796875 0.412109375 0.21875 0.13671875 0.224609375 0.12109375 0.185546875 0.224609375
5 0.201171875 0.43359375 0.1875 0.4375 0.201171875 0.56640625 0.232421875 0.6484375 0.240234375 0.65625 0.25 0.654296875 0.216796875 0.4375 0.201171875 0.43359375
5 0.62109375 0.0703125 0.59375 0.076171875 0.552734375 0.064453125 0.5 0.0625 0.380859375 0.017578125 0.359375 0.001953125 0.34375 0.001953125 0.38671875 0.037109375 0.435546875 0.0625 0.583984375 0.09375 0.626953125 0.08984375 0.646484375 0.0625 0.654296875 0.033203125 0.62109375 0.0703125
5 0.556640625 1 0.54296875 0.955078125 0.548828125 0.91015625 0.572265625 0.861328125 0.611328125 0.822265625 0.72265625 0.7734375 0.859375 0.74609375 0.84765625 0.734375 0.7890625 0.71875 0.775390625 0.6953125 0.771484375 0.646484375 0.77734375 0.615234375 0.81640625 0.544921875 0.85546875 0.515625 0.901693359375 0.5078125 0.904296875 0.501953125 0.998046875 0.533203125 0.994140625 0.5234375 0.95703125 0.5078125 0.91015625 0.5 0.859375 0.501953125 0.837890625 0.51171875 0.794921875 0.560546875 0.765625 0.63671875 0.76953125 0.69921875 0.79296875 0.73046875 0.76953125 0.751953125 0.70703125 0.765625 0.59375 0.82421875 0.546875 0.890625 0.53515625 0.9453125 0.5390625 0.9765625 0.546875 1 0.556640625 1
4 0.669921875 0.61328125 0.6015625 0.57421875 0.572265625 0.548828125 0.552734375 0.544921875 0.484375 0.646484375 0.484375 0.65625 0.498046875 0.669921875 0.5390625 0.693359375 0.59765625 0.71484375 0.630859375 0.70703125 0.654296875 0.673828125 0.669921875 0.61328125
4 0.3828125 0.728515625 0.26171875 0.736328125 0.251953125 0.751953125 0.271484375 0.771484375 0.41015625 0.802734375 0.421875 0.79296875 0.42578125 0.732421875 0.3828125 0.728515625
5 0.13671875 0.9140625 0 0.970703125 0.0078125 0.9765625 0.08203125 0.953125 0.12890625 0.927734375 0.13671875 0.9140625