2 0.001953125 0 0.001953125 0.072265625 0.0078125 0.078125 0.001953125 0.115234375 0.009765625 0.142578125 0.01953125 0.162109375 0.080078125 0.201171875 0.080078125 0.20703125 0.033203125 0.248046875 0.041015625 0.302734375 0.056640625 0.3359375 0.0546875 0.396484375 0.064453125 0.41015625 0.068359375 0.43359375 0.0546875 0.453125 0.01953125 0.462890625 0.0078125 0.490234375 0.005859375 0.529296875 0.017578125 0.611328125 0.0390625 0.607421875 0.056640625 0.619140625 0.07421875 0.662109375 0.083984375 0.666015625 0.099609375 0.6953125 0.091796875 0.720703125 0.07421875 0.708984375 0.06640625 0.712890625 0.072265625 0.748046875 0.095703125 0.765625 0.09765625 0.833984375 0.19140625 0.86328125 0.21875 0.865234375 0.2421875 0.88671875 0.29296875 0.869140625 0.310546875 0.875 0.31640625 0.888671875 0.314453125 0.92578125 0.37109375 0.998046875 0.453125 0.998046875 0.466796875 0.970703125 0.5078125 0.9375 0.544921875 0.9453125 0.56640625 0.966796875 0.580078125 0.970703125 0.59765625 0.955078125 0.630859375 0.958984375 0.662109375 0.951171875 0.69140625 0.95703125 0.720703125 0.939453125 0.7265625 0.90234375 0.748046875 0.892578125 0.76171875 0.875 0.78515625 0.900390625 0.833984375 0.90234375 0.8671875 0.912109375 0.890625 0.8984375 0.90625 0.896484375 0.92578125 0.87890625 0.935546875 0.857421875 0.939453125 0.865234375 0.970703125 0.876953125 0.97265625 0.90234375 0.994140625 0.896484375 1 0.888671875 1 0.8125 0.994140625 0.80859375 1 0.791015625 0.994140625 0.78125 0.98046875 0.7890625 0.97265625 0.77734375 0.9765625 0.767578125 0.96875 0.76953125 0.9453125 0.75 0.91796875 0.748046875 0.908203125 0.734375 0.91796875 0.71875 0.97265625 0.701171875 1 0.677734375 1 0.49609375 0.966796875 0.4609375 0.95703125 0.4609375 0.951171875 0.46875 0.9296875 0.466796875 0.9609375 0.41015625 0.958984375 0.37109375 0.98046875 0.361328125 0.9921875 0.341796875 1 0.310546875 1 0.03125 0.994140625 0.02734375 1 0.009765625 1 0 0.001953125 0
5 0.6875 0.3203125 0.658203125 0.361328125 0.658203125 0.373046875 0.634765625 0.416015625 0.634765625 0.435546875 0.646484375 0.435546875 0.65625 0.384765625 0.685546875 0.34765625 0.6875 0.328125 0.7109375 0.29296875 0.71875 0.267578125 0.740234375 0.24609375 0.78125 0.1796875 0.78125 0.171875 0.73046875 0.23046875 0.720703125 0.259765625 0.69140625 0.296875 0.6875 0.3203125
5 0.564453125 0.521484375 0.541015625 0.541015625 0.529296875 0.56640625 0.525390625 0.61328125 0.560546875 0.607421875 0.55078125 0.59765625 0.556640625 0.580078125 0.55078125 0.57421875 0.552734375 0.556640625 0.6171875 0.4765625 0.6171875 0.470703125 0.603515625 0.4765625 0.591796875 0.49609375 0.56640625 0.509765625 0.564453125 0.521484375
3 0.58203125 0 0.607421875 0.0625 0.625 0.068359375 0.625 0.05078125 0.599609375 0 0.58203125 0
1 0.283203125 0.875 0.2578125 0.888671875 0.23828125 0.890625 0.216796875 0.8671875 0.09375 0.8359375 0.08984375 0.771484375 0.0703125 0.7578125 0.0703125 0.736328125 0.060546875 0.7109375 0.06640625 0.701171875 0.078125 0.703125 0.08203125 0.712890625 0.09765625 0.705078125 0.0859375 0.677734375 0.072265625 0.66796875 0.05859375 0.62890625 0.044921875 0.61328125 0.017578125 0.615234375 0.009765625 0.607421875 0.013671875 0.583984375 0.0078125 0.552734375 0.001953125 0.548828125 0.001953125 0.998046875 0.365234375 0.998046875 0.365234375 0.99609375 0.314453125 0.935546875 0.314453125 0.892578125 0.302734375 0.875 0.283203125 0.875
1 1 0.987109375 0.99609375 0.935546875 0.96484375 0.8984375 0.96484375 0.876953125 0.935546875 0.86328125 0.931640625 0.876953125 0.916015625 0.892578125 0.859375 0.91796875 0.828125 0.904296875 0.7890625 0.904296875 0.767578125 0.884765625 0.759765625 0.884765625 0.728515625 0.91015625 0.732421875 0.947265625 0.6953125 0.9609375 0.611328125 0.9609375 0.595703125 0.966796875 0.591796875 0.9765625 0.57421875 0.9765625 0.53125 0.9453125 0.509765625 0.943359375 0.482421875 0.966796875 0.470703125 0.96875 0.458984375 0.994140625 1 0.998046875 1 0.987109375
1 0.001953125 0.14453125 0.001953125 0.484375 0.021484375 0.458984375 0.052734375 0.451171875 0.06640625 0.4296875 0.052734375 0.400390625 0.052734375 0.333984375 0.04296875 0.322265625 0.029296875 0.259765625 0.03515625 0.240234375 0.06640625 0.21484375 0.076171875 0.205078125 0.044921875 0.177734375 0.017578125 0.1640625 0.0078125 0.14453125 0.001953125 0.14453125
1 1 0.337890625 0.984375 0.36328125 0.962890625 0.375 0.962890625 0.412109375 0.939453125 0.453125 0.939453125 0.4609375 0.95703125 0.453125 0.970703125 0.45703125 0.986328125 0.478515625 1 0.486328125 1 0.476431640625 1 0.337890625
1 1 0.68359375 0.978515625 0.701171875 0.94140625 0.7109375 0.92578125 0.720703125 0.921875 0.734375 0.916015625 0.734375 0.923828125 0.744140625 0.943359375 0.74609375 0.9609375 0.759765625 0.982421875 0.75390625 1 0.76953125 1 0.7587890625 1 0.68359375
1 0.791015625 0.23828125 0.794921875 0.26171875 0.80859375 0.26171875 0.826171875 0.248046875 0.861328125 0.251953125 0.873046875 0.23046875 0.875 0.228515625 0.85546875 0.224609375 0.833984375 0.234375 0.796875 0.234375 0.791015625 0.23828125
1 0.79296875 0.80078125 0.798828125 0.78515625 0.80078125 0.783203125 0.7890625 0.767578125 0.765625 0.759765625 0.775390625 0.8125 0.79296875 0.80078125