1 1 0.001953125 0.822265625 0.001953125 0.775390625 0.029296875 0.685546875 0.03125 0.66796875 0.001953125 0.001953125 0.001953125 0.001953125 0.1015625 0.021484375 0.10546875 0.029296875 0.12109375 0.005859375 0.140625 0.001953125 0.1640625 0.001953125 1 0.91015625 1 0.939453125 0.9453125 0.9921875 0.923828125 1 0.931640625 1 0.62890625 0.98828125 0.634765625 0.974609375 0.619140625 1 0.60546875 1 0.466796875 0.9375 0.451171875 0.94140625 0.4296875 1 0.40625 1 0.001953125
3 0.26171875 0.287109375 0.28125 0.271484375 0.279296875 0.255859375 0.287109375 0.244140625 0.279296875 0.22265625 0.310546875 0.197265625 0.326171875 0.16796875 0.310546875 0.126953125 0.267578125 0.095703125 0.16015625 0.11328125 0.12890625 0.103515625 0.1015625 0.080078125 0.046875 0.08203125 0.046875 0.095703125 0.080078125 0.1171875 0.146484375 0.13671875 0.15234375 0.16015625 0.166015625 0.169921875 0.171875 0.1875 0.169921875 0.228515625 0.158203125 0.240234375 0.138671875 0.244140625 0.064453125 0.333984375 0.046875 0.330078125 0.041015625 0.318359375 0.048828125 0.33984375 0.04296875 0.380859375 0.05078125 0.435546875 0.07421875 0.482421875 0.10546875 0.505859375 0.1171875 0.525390625 0.154296875 0.5390625 0.197265625 0.580078125 0.23046875 0.65234375 0.232421875 0.701171875 0.271484375 0.79296875 0.31640625 0.837890625 0.353515625 0.837890625 0.40625 0.853515625 0.4140625 0.853515625 0.4609375 0.80859375 0.4921875 0.8046875 0.50390625 0.794921875 0.505859375 0.73046875 0.498046875 0.72265625 0.48046875 0.724609375 0.26171875 0.287109375
3 1 0.61328125 0.962890625 0.62890625 0.951171875 0.58984375 0.966796875 0.564453125 0.9609375 0.544921875 0.9375 0.517578125 0.916015625 0.509765625 0.869140625 0.515625 0.85546875 0.5 0.87109375 0.458984375 0.853515625 0.33984375 0.8125 0.322265625 0.78515625 0.3203125 0.7421875 0.35546875 0.69140625 0.431640625 0.669921875 0.443359375 0.669921875 0.466796875 0.68359375 0.490234375 0.6953125 0.49609375 0.720703125 0.5 0.736328125 0.4921875 0.90234375 0.630859375 0.896484375 0.65234375 0.908203125 0.67578125 0.923828125 0.685546875 0.921875 0.69921875 0.9453125 0.697265625 0.939453125 0.681640625 0.943359375 0.658203125 1 0.623046875 1 0.61328125
3 0.796875 0.0703125 0.7890625 0.0625 0.791015625 0.044921875 0.779296875 0.037109375 0.791015625 0.01171875 0.810546875 0.001953125 0.673828125 0.001953125 0.68359375 0.025390625 0.5703125 0.205078125 0.552734375 0.21484375 0.55078125 0.236328125 0.572265625 0.244140625 0.609375 0.232421875 0.64453125 0.25 0.671875 0.251953125 0.703125 0.20703125 0.751953125 0.220703125 0.810546875 0.189453125 0.822265625 0.177734375 0.833984375 0.140625 0.87890625 0.115234375 0.904296875 0.119140625 0.927734375 0.111328125 0.931640625 0.09765625 0.912109375 0.083984375 0.828125 0.095703125 0.796875 0.0703125
5 0.4765625 0.419921875 0.458984375 0.41796875 0.41796875 0.392578125 0.376953125 0.388671875 0.357421875 0.404296875 0.34765625 0.396484375 0.3515625 0.3203125 0.400390625 0.140625 0.392578125 0.126953125 0.33984375 0.328125 0.337890625 0.427734375 0.322265625 0.462890625 0.337890625 0.46484375 0.376953125 0.49609375 0.4140625 0.498046875 0.4375 0.509765625 0.44140625 0.544921875 0.46484375 0.564453125 0.51171875 0.564453125 0.533203125 0.552734375 0.560546875 0.521484375 0.5703125 0.486328125 0.56640625 0.439453125 0.55859375 0.44921875 0.484375 0.447265625 0.4765625 0.419921875
5 0.751953125 0.6796875 0.681640625 0.6640625 0.60546875 0.703125 0.572265625 0.701171875 0.546875 0.689453125 0.5 0.650390625 0.474609375 0.6015625 0.421875 0.58984375 0.41015625 0.59375 0.470703125 0.611328125 0.4921875 0.65625 0.546875 0.703125 0.599609375 0.71484375 0.6875 0.673828125 0.740234375 0.685546875 0.751953125 0.685546875 0.751953125 0.6796875
5 0.6796875 1 0.6875 0.998046875 0.689453125 0.978515625 0.71484375 0.96875 0.763671875 0.970703125 0.7890625 0.9609375 0.7890625 0.94140625 0.75 0.9609375 0.69140625 0.9609375 0.6796875 1
5 0.173828125 1 0.173828125 0.982421875 0.162109375 0.962890625 0.140625 0.958984375 0.08984375 0.974609375 0.0703125 1 0.1015625 0.978515625 0.12890625 0.970703125 0.15625 0.96875 0.16796875 1 0.173828125 1
5 1 0.9375 0.97265625 0.935546875 0.935546875 0.955078125 0.919921875 0.998046875 0.927734375 1 0.9375 0.970703125 0.955078125 0.953125 0.98046875 0.9453125 1 0.94921875 1 0.9375
4 1 0.4140625 0.94140625 0.435546875 0.9453125 0.453125 0.994140625 0.4609375 1 0.4609375 1 0.4140625
4 1 0.0546875 0.970703125 0.04296875 0.94921875 0.0703125 0.962890625 0.083984375 1 0.09375 1 0.0546875