2 0.998046875 1 0.994140625 0.001953125 0.953125 0.001953125 0.9453125 0.0078125 0.939453125 0.001953125 0.494140625 0.001953125 0.48828125 0.0078125 0.4921875 0.05078125 0.482421875 0.060546875 0.408203125 0.013671875 0.361328125 0.015625 0.34765625 0.0078125 0.310546875 0.01171875 0.255859375 0.001953125 0 0.005859375 0 1 0.998046875 1
0 0.24609375 0.513671875 0.2578125 0.474609375 0.3125 0.41015625 0.341796875 0.384765625 0.375 0.373046875 0.4296875 0.396484375 0.48046875 0.408203125 0.6015625 0.466796875 0.640625 0.47265625 0.658203125 0.4453125 0.669921875 0.40234375 0.671875 0.294921875 0.59765625 0.23046875 0.48828125 0.171875 0.41796875 0.162109375 0.3984375 0.18359375 0.337890625 0.224609375 0.294921875 0.28125 0.265625 0.302734375 0.12890625 0.34765625 0.0078125 0.427734375 0.017578125 0.462890625 0.05859375 0.509765625 0.1015625 0.576171875 0.11328125 0.583984375 0.14453125 0.578125 0.220703125 0.5390625 0.24609375 0.513671875
5 0.970703125 0.580078125 0.970703125 0.541015625 0.92578125 0.49609375 0.83203125 0.45703125 0.689453125 0.453125 0.6640625 0.474609375 0.75 0.48046875 0.76171875 0.47265625 0.80859375 0.46875 0.8515625 0.48828125 0.927734375 0.5078125 0.953125 0.52734375 0.90625 0.658203125 0.861328125 0.732421875 0.84765625 0.7734375 0.81640625 0.818359375 0.771484375 0.83984375 0.78125 0.8515625 0.79296875 0.8515625 0.84765625 0.80078125 0.921875 0.6875 0.970703125 0.580078125
5 0.7578125 0.78515625 0.703125 0.783203125 0.60546875 0.814453125 0.53515625 0.859375 0.37109375 0.9453125 0.333984375 0.958984375 0.310546875 0.953125 0.322265625 0.958984375 0.369140625 0.962890625 0.423828125 0.951171875 0.755859375 0.794921875 0.7578125 0.78515625
5 0.380859375 0.669921875 0.361328125 0.66796875 0.3515625 0.67578125 0.3515625 0.693359375 0.396484375 0.70703125 0.40625 0.703125 0.435546875 0.71484375 0.470703125 0.705078125 0.380859375 0.669921875
5 0 0.75390625 0.18359375 0.896484375 0.33984375 0.96484375 0.369140625 0.966796875 0.423828125 0.953125 0.576171875 0.873046875 0.611328125 0.86328125 0.62890625 0.845703125 0.736328125 0.80078125 0.779296875 0.80078125 0.783203125 0.810546875 0.80078125 0.810546875 0.80859375 0.80078125 0.77734375 0.783203125 0.724609375 0.775390625 0.619140625 0.8125 0.603515625 0.80859375 0.591796875 0.826171875 0.48046875 0.880859375 0.37890625 0.94140625 0.345703125 0.955078125 0.326171875 0.955078125 0.23046875 0.916015625 0.1484375 0.8671875 0.083984375 0.806640625 0.021484375 0.763671875 0.009765625 0.73828125 0.0234375 0.6796875 0.033203125 0.66015625 0.056640625 0.640625 0.0936547265625 0.631812119140625 0.07421875 0.626953125 0.06640625 0.6328125 0.060546875 0.625 0.037109375 0.62890625 0.021484375 0.640625 0 0.666015625 0 0.75390625
5 0.212890625 0.673828125 0.287109375 0.671875 0.302734375 0.654296875 0.224609375 0.638671875 0.12109375 0.638671875 0.113550646484375 0.636786099609375 0.212890625 0.673828125
5 0 0.755859375 0.111328125 0.841796875 0.123046875 0.84765625 0.076171875 0.80078125 0.02734375 0.767578125 0.01171875 0.740234375 0.015625 0.705078125 0.03125 0.6640625 0.072265625 0.630859375 0.099609375 0.6328125 0.10809288671875 0.63597584375 0.099609375 0.62890625 0.041015625 0.626953125 0 0.666015625 0 0.755859375
5 0.4765625 0.705078125 0.40625 0.673828125 0.283203125 0.642578125 0.1171875 0.630859375 0.1122012109375 0.63750776171875 0.21484375 0.67578125 0.224609375 0.671875 0.328125 0.6875 0.5 0.734375 0.5390625 0.771484375 0.5703125 0.77734375 0.4765625 0.705078125
0 0.8984375 0.37109375 0.923828125 0.337890625 0.9296875 0.294921875 0.90234375 0.248046875 0.859375 0.23828125 0.818359375 0.265625 0.80078125 0.255859375 0.78515625 0.228515625 0.755859375 0.205078125 0.74609375 0.21875 0.80078125 0.3203125 0.83984375 0.361328125 0.833984375 0.37890625 0.87890625 0.37890625 0.8984375 0.37109375
0 0.9375 1 0.95703125 0.947265625 0.9453125 0.93359375 0.927734375 0.9296875 0.884765625 0.94140625 0.888671875 0.970703125 0.8984375 0.984375 0.8984375 1 0.9375 1