2 0.998046875 1 0.998046875 0.001953125 0.56640625 0.005859375 0.572265625 0.01171875 0.572265625 0.068359375 0.587890625 0.0859375 0.6015625 0.08984375 0.609375 0.083984375 0.646484375 0.033203125 0.716796875 0.015625 0.787109375 0.0390625 0.8203125 0.0625 0.841796875 0.068359375 0.904296875 0.103515625 0.880859375 0.18359375 0.8828125 0.19921875 0.923828125 0.166015625 0.951171875 0.1640625 0.94921875 0.18359375 0.931640625 0.19140625 0.90234375 0.224609375 0.87890625 0.240234375 0.8671875 0.2734375 0.8359375 0.296875 0.740234375 0.333984375 0.68359375 0.33203125 0.625 0.3125 0.58203125 0.3359375 0.576171875 0.328125 0.611328125 0.30078125 0.576171875 0.28125 0.462890625 0.2734375 0.306640625 0.212890625 0.255859375 0.201171875 0.20703125 0.201171875 0.169921875 0.16796875 0.158203125 0.177734375 0.146484375 0.17578125 0.15234375 0.150390625 0.2265625 0.0859375 0.310546875 0.021484375 0.361328125 0.001953125 0 0.001953125 0 0.41015625 0 0.419921875 0 0.908203125 0.0625 0.927734375 0.130859375 0.931640625 0.173828125 0.95703125 0.2109375 0.947265625 0.388671875 0.95703125 0.41796875 0.966796875 0.431640625 0.96484375 0.451171875 0.982421875 0.533203125 0.982421875 0.541015625 0.98828125 0.623046875 1 0.998046875 1
0 0.3046875 0.20703125 0.462890625 0.267578125 0.572265625 0.275390625 0.615234375 0.296875 0.62109375 0.302734375 0.619140625 0.310546875 0.630859375 0.306640625 0.689453125 0.328125 0.73828125 0.328125 0.76953125 0.30859375 0.8203125 0.296875 0.853515625 0.279296875 0.8671875 0.26171875 0.869140625 0.2421875 0.8984375 0.220703125 0.935546875 0.17578125 0.92578125 0.17578125 0.880859375 0.21484375 0.86328125 0.220703125 0.8984375 0.11328125 0.896484375 0.103515625 0.814453125 0.064453125 0.767578125 0.03515625 0.7265625 0.021484375 0.703125 0.01953125 0.677734375 0.033203125 0.65625 0.033203125 0.6171875 0.083984375 0.599609375 0.099609375 0.591796875 0.099609375 0.564453125 0.072265625 0.564453125 0.025390625 0.556640625 0.001953125 0.513671875 0.001953125 0.509765625 0.009765625 0.490234375 0.001953125 0.37890625 0.001953125 0.33984375 0.01171875 0.3125 0.025390625 0.1875 0.123046875 0.15625 0.15234375 0.15234375 0.166015625 0.15234375 0.171875 0.171875 0.162109375 0.205078125 0.1953125 0.244140625 0.1953125 0.3046875 0.20703125
0 0.19140625 1 0.197265625 0.984375 0.2109375 0.9765625 0.2265625 0.978515625 0.23046875 0.97265625 0.396484375 0.9921875 0.373046875 0.974609375 0.376953125 0.962890625 0.216796875 0.951171875 0.166015625 0.962890625 0.123046875 0.93359375 0.05859375 0.931640625 0 0.912109375 0 0.9248046875 0 0.9375 0.095703125 0.955078125 0.138671875 0.97265625 0.14453125 0.98046875 0.138671875 1 0.19140625 1
3 0.310546875 0.66015625 0.345703125 0.65625 0.41796875 0.6015625 0.453125 0.587890625 0.65625 0.580078125 0.755859375 0.5546875 0.83203125 0.546875 0.85546875 0.556640625 0.869140625 0.576171875 0.876953125 0.568359375 0.927734375 0.599609375 0.9375 0.61328125 0.9453125 0.6484375 0.955078125 0.650390625 0.953125 0.630859375 0.958984375 0.625 0.95703125 0.60546875 0.927734375 0.578125 0.880859375 0.548828125 0.833984375 0.533203125 0.775390625 0.53515625 0.71484375 0.55078125 0.611328125 0.56640625 0.455078125 0.564453125 0.421875 0.57421875 0.388671875 0.595703125 0.369140625 0.62109375 0.333984375 0.642578125 0.283203125 0.634765625 0.171875 0.5859375 0.162109375 0.591796875 0.162109375 0.59375 0.20703125 0.625 0.30078125 0.65234375 0.302734375 0.66015625 0.310546875 0.66015625
5 0.42578125 0.861328125 0.490234375 0.8203125 0.583984375 0.81640625 0.609375 0.822265625 0.658203125 0.853515625 0.646484375 0.869140625 0.623046875 0.87890625 0.642578125 0.884765625 0.603515625 0.9296875 0.619140625 0.919921875 0.666015625 0.85546875 0.662109375 0.84375 0.607421875 0.8125 0.498046875 0.810546875 0.326171875 0.900390625 0.263671875 0.908203125 0.255859375 0.89453125 0.25390625 0.798828125 0.365234375 0.75390625 0.298828125 0.76953125 0.255859375 0.787109375 0.244140625 0.798828125 0.244140625 0.8115234375 0.25 0.908203125 0.265625 0.91796875 0.3359375 0.90625 0.42578125 0.861328125
5 0.6796875 0.205078125 0.708984375 0.201171875 0.673828125 0.205078125 0.65234375 0.240234375 0.62890625 0.298828125 0.599609375 0.310546875 0.5703125 0.333984375 0.5703125 0.33984375 0.62109375 0.3125 0.63671875 0.310546875 0.671875 0.212890625 0.6796875 0.205078125
5 0.552734375 0.26953125 0.498046875 0.1875 0.4375 0.064453125 0.4375 0.07421875 0.4765625 0.158203125 0.515625 0.224609375 0.53125 0.25 0.552734375 0.26953125
5 0.748046875 0.26953125 0.73046875 0.23046875 0.71875 0.220703125 0.71875 0.2265625 0.744140625 0.283203125 0.736328125 0.326171875 0.744140625 0.328125 0.748046875 0.26953125
5 0.5 0.353515625 0.5 0.35546875 0.541015625 0.353515625 0.55859375 0.345703125 0.5078125 0.345703125 0.5 0.353515625
5 0.40625 0.0078125 0.43359375 0.0546875 0.42578125 0.02734375 0.40625 0.001953125 0.40625 0.0078125
2 0.12890625 1 0.134765625 0.994140625 0.13671875 0.982421875 0.123046875 0.970703125 0.0234375 0.943359375 0 0.9453125 0 0.95625 0 1 0.12890625 1
2 0.244140625 0.982421875 0.22265625 0.994140625 0.22265625 0.99609375 0.3828125 1 0.375 0.994140625 0.263671875 0.982421875 0.244140625 0.982421875