1 0 0 0 0.994140625 0.126953125 0.990234375 0.1484375 0.99609375 0.173828125 0.9921875 0.2265625 0.998046875 0.998046875 0.998046875 0.998046875 0.52734375 0.98046875 0.51171875 0.984375 0.470703125 0.998046875 0.44140625 0.998046875 0.263671875 0.953125 0.259765625 0.88671875 0.3359375 0.873046875 0.333984375 0.84765625 0.310546875 0.849609375 0.30078125 0.869140625 0.28125 0.759765625 0.333984375 0.724609375 0.341796875 0.638671875 0.345703125 0.587890625 0.33984375 0.5390625 0.322265625 0.498046875 0.298828125 0.44921875 0.232421875 0.423828125 0.15234375 0.400390625 0.12890625 0.37109375 0.07421875 0.369140625 0 0.3591640625 0 0 0
1 0.4765625 0 0.447265625 0.0546875 0.43359375 0.10546875 0.43359375 0.130859375 0.453125 0.154296875 0.4453125 0.166015625 0.44921875 0.1875 0.46484375 0.228515625 0.47265625 0.2265625 0.48046875 0.255859375 0.498046875 0.27734375 0.529296875 0.298828125 0.578125 0.318359375 0.66015625 0.330078125 0.75 0.314453125 0.873046875 0.248046875 0.90625 0.240234375 0.947265625 0.1875 0.9765625 0.2109375 0.97265625 0.23828125 0.998046875 0.2421875 0.998046875 0.091796875 0.978515625 0.091796875 0.9765625 0.11328125 0.90234375 0.19140625 0.85546875 0.173828125 0.791015625 0.103515625 0.78515625 0.08984375 0.7890625 0.078125 0.833984375 0.037109375 0.85546875 0.005859375 0.853515625 0 0.843595703125 0 0.4765625 0
4 0.86328125 0 0.833984375 0.04296875 0.798828125 0.072265625 0.7890625 0.091796875 0.80859375 0.123046875 0.849609375 0.1640625 0.884765625 0.18359375 0.904296875 0.185546875 0.97265625 0.111328125 0.974609375 0.099609375 0.966796875 0.0859375 0.998046875 0.080078125 0.998046875 0 0.958984375 0 0.935546875 0.015625 0.89453125 0.015625 0.873046875 0 0.86328125 0
4 0.6953125 0.21484375 0.73828125 0.28515625 0.833984375 0.232421875 0.810546875 0.1796875 0.76171875 0.1015625 0.75390625 0.1015625 0.673828125 0.150390625 0.6953125 0.21484375
4 0.51171875 0.408203125 0.49609375 0.44140625 0.521484375 0.462890625 0.546875 0.44140625 0.556640625 0.3828125 0.552734375 0.36328125 0.54296875 0.3515625 0.51171875 0.341796875 0.50390625 0.341796875 0.51171875 0.365234375 0.51171875 0.408203125
4 0.8515625 0.310546875 0.88671875 0.333984375 0.9453125 0.26171875 0.94921875 0.25 0.943359375 0.25 0.9306640625 0.25 0.8984375 0.255859375 0.8515625 0.310546875
4 0.921875 0.240234375 0.96484375 0.23828125 0.9765625 0.216796875 0.951171875 0.193359375 0.947265625 0.193359375 0.91796875 0.234375 0.921875 0.240234375
5 0.373046875 0 0.37109375 0.05078125 0.3828125 0.09375 0.421875 0.142578125 0.451171875 0.2265625 0.474609375 0.267578125 0.4921875 0.2890625 0.51953125 0.30859375 0.591796875 0.3359375 0.66015625 0.341796875 0.732421875 0.3359375 0.77734375 0.3203125 0.90625 0.251953125 0.90625 0.24609375 0.880859375 0.251953125 0.763671875 0.3125 0.70703125 0.33203125 0.59765625 0.328125 0.533203125 0.3046875 0.49609375 0.28125 0.4765625 0.255859375 0.44140625 0.169921875 0.44921875 0.15234375 0.4296875 0.12890625 0.43359375 0.083984375 0.470703125 0 0.45703125 0 0.435546875 0.0390625 0.41796875 0.125 0.3828125 0.0703125 0.384765625 0 0.373046875 0
5 0.998046875 0.259765625 0.998046875 0.248046875 0.951171875 0.2421875 0.94921875 0.2421875 0.9375 0.24609375 0.998046875 0.259765625
1 0.388671875 0 0.384765625 0.005859375 0.38671875 0.072265625 0.4140625 0.1171875 0.42578125 0.05859375 0.453125 0 0.4423828125 0 0.388671875 0
4 0.984375 0.490234375 0.984375 0.513671875 0.998046875 0.521484375 0.998046875 0.510603515625 0.998046875 0.4453125 0.984375 0.490234375