1 0.994140625 1 0.990234375 0.873046875 0.99609375 0.8515625 0.9921875 0.826171875 0.998046875 0.7734375 0.998046875 0.001953125 0.52734375 0.001953125 0.51171875 0.01953125 0.470703125 0.015625 0.44140625 0.001953125 0.263671875 0.001953125 0.259765625 0.046875 0.3359375 0.11328125 0.333984375 0.126953125 0.310546875 0.15234375 0.30078125 0.150390625 0.28125 0.130859375 0.333984375 0.240234375 0.341796875 0.275390625 0.345703125 0.361328125 0.33984375 0.412109375 0.322265625 0.4609375 0.298828125 0.501953125 0.232421875 0.55078125 0.15234375 0.576171875 0.12890625 0.599609375 0.07421875 0.62890625 0 0.630859375 0 0.6408359375 0 1 0.994140625 1
1 0 0.5234375 0.0546875 0.552734375 0.10546875 0.56640625 0.130859375 0.56640625 0.154296875 0.546875 0.166015625 0.5546875 0.1875 0.55078125 0.228515625 0.53515625 0.2265625 0.52734375 0.255859375 0.51953125 0.27734375 0.501953125 0.298828125 0.470703125 0.318359375 0.421875 0.330078125 0.33984375 0.314453125 0.25 0.248046875 0.126953125 0.240234375 0.09375 0.1875 0.052734375 0.2109375 0.0234375 0.23828125 0.02734375 0.2421875 0.001953125 0.091796875 0.001953125 0.091796875 0.021484375 0.11328125 0.0234375 0.19140625 0.09765625 0.173828125 0.14453125 0.103515625 0.208984375 0.08984375 0.21484375 0.078125 0.2109375 0.037109375 0.166015625 0.005859375 0.14453125 0 0.146484375 0 0.156404296875 0 0.5234375
4 0 0.13671875 0.04296875 0.166015625 0.072265625 0.201171875 0.091796875 0.2109375 0.123046875 0.19140625 0.1640625 0.150390625 0.18359375 0.115234375 0.185546875 0.095703125 0.111328125 0.02734375 0.099609375 0.025390625 0.0859375 0.033203125 0.080078125 0.001953125 0 0.001953125 0 0.041015625 0.015625 0.064453125 0.015625 0.10546875 0 0.126953125 0 0.13671875
4 0.232421875 0.166015625 0.1796875 0.189453125 0.1015625 0.23828125 0.1015625 0.24609375 0.150390625 0.326171875 0.21484375 0.3046875 0.28515625 0.26171875 0.232421875 0.166015625
4 0.462890625 0.478515625 0.44140625 0.453125 0.3828125 0.443359375 0.36328125 0.447265625 0.3515625 0.45703125 0.341796875 0.48828125 0.341796875 0.49609375 0.365234375 0.48828125 0.408203125 0.48828125 0.44140625 0.50390625 0.462890625 0.478515625
4 0.26171875 0.0546875 0.25 0.05078125 0.25 0.056640625 0.25 0.0693359375 0.255859375 0.1015625 0.310546875 0.1484375 0.333984375 0.11328125 0.26171875 0.0546875
4 0.216796875 0.0234375 0.193359375 0.048828125 0.193359375 0.052734375 0.234375 0.08203125 0.240234375 0.078125 0.23828125 0.03515625 0.216796875 0.0234375
5 0 0.626953125 0.05078125 0.62890625 0.09375 0.6171875 0.142578125 0.578125 0.2265625 0.548828125 0.267578125 0.525390625 0.2890625 0.5078125 0.30859375 0.48046875 0.3359375 0.408203125 0.341796875 0.33984375 0.3359375 0.267578125 0.3203125 0.22265625 0.251953125 0.09375 0.24609375 0.09375 0.251953125 0.119140625 0.3125 0.236328125 0.33203125 0.29296875 0.328125 0.40234375 0.3046875 0.466796875 0.28125 0.50390625 0.255859375 0.5234375 0.169921875 0.55859375 0.15234375 0.55078125 0.12890625 0.5703125 0.083984375 0.56640625 0 0.529296875 0 0.54296875 0.0390625 0.564453125 0.125 0.58203125 0.0703125 0.6171875 0 0.615234375 0 0.626953125
5 0.2421875 0.048828125 0.2421875 0.05078125 0.24609375 0.0625 0.259765625 0.001953125 0.248046875 0.001953125 0.2421875 0.048828125
1 0 0.611328125 0.005859375 0.615234375 0.072265625 0.61328125 0.1171875 0.5859375 0.05859375 0.57421875 0 0.546875 0 0.5576171875 0 0.611328125
4 0.521484375 0.001953125 0.510603515625 0.001953125 0.4453125 0.001953125 0.490234375 0.015625 0.513671875 0.015625 0.521484375 0.001953125