2 0.447265625 0.509765625 0.505859375 0.537109375 0.55859375 0.53125 0.568359375 0.4921875 0.607421875 0.48046875 0.609375 0.44140625 0.548828125 0.396484375 0.5390625 0.349609375 0.5078125 0.33203125 0.470703125 0.337890625 0.4375 0.375 0.400390625 0.38671875 0.37109375 0.41796875 0.376953125 0.453125 0.4140625 0.498046875 0.43359375 0.51171875 0.447265625 0.509765625
1 0.248046875 0 0.2421875 0.01171875 0.220703125 0.0234375 0.216796875 0.123046875 0.19140625 0.154296875 0.1640625 0.166015625 0.1328125 0.162109375 0.1015625 0.171875 0.068359375 0.130859375 0.02734375 0.111328125 0 0.107421875 0 0.474609375 0.013671875 0.470703125 0.015625 0.490234375 0 0.5 0 0.998046875 0.6796875 0.998046875 0.69921875 0.98046875 0.779296875 0.86328125 0.88671875 0.693359375 0.7265625 0.59765625 0.71484375 0.578125 0.748046875 0.52734375 0.75 0.509765625 0.841796875 0.373046875 0.84765625 0.3515625 0.873046875 0.32421875 0.8828125 0.287109375 0.904296875 0.26953125 0.904296875 0.251953125 0.927734375 0.23046875 0.98828125 0.126953125 0.998046875 0.123046875 0.998046875 0 0.873046875 0 0.86328125 0.01171875 0.865234375 0.02734375 0.83984375 0.04296875 0.79296875 0.015625 0.732421875 0.046875 0.708984375 0.048828125 0.6376953125 0.033203125 0.59375 0 0.248046875 0
4 0.58984375 0.8359375 0.611328125 0.759765625 0.6171875 0.693359375 0.498046875 0.6796875 0.46875 0.6796875 0.466796875 0.685546875 0.453125 0.796875 0.470703125 0.8046875 0.52734375 0.80859375 0.58984375 0.8359375
4 0.58203125 0.392578125 0.626953125 0.40234375 0.66796875 0.3125 0.666015625 0.255859375 0.5625 0.22265625 0.533203125 0.283203125 0.517578125 0.33203125 0.533203125 0.341796875 0.546875 0.373046875 0.58203125 0.392578125
4 0.300922197265625 0.778048486328125 0.2890625 0.779296875 0.267578125 0.75390625 0.23046875 0.73828125 0.177734375 0.751953125 0.1796875 0.783203125 0.1875 0.794921875 0.251953125 0.814453125 0.26953125 0.8125 0.271484375 0.798828125 0.300922197265625 0.778048486328125
5 0.119140625 0 0.11328125 0.025390625 0.0703125 0.05078125 0.142578125 0.09765625 0.15625 0.130859375 0.140625 0.142578125 0.158203125 0.14453125 0.17578125 0.134765625 0.193359375 0.138671875 0.205078125 0.123046875 0.232421875 0 0.119140625 0
5 0.8515625 0.072265625 0.84375 0.146484375 0.8046875 0.24609375 0.810546875 0.31640625 0.822265625 0.330078125 0.818359375 0.2421875 0.853515625 0.162109375 0.865234375 0.109375 0.865234375 0.0703125 0.85546875 0.025390625 0.8125 0 0.798828125 0.00390625 0.810546875 0.015625 0.83984375 0.025390625 0.8515625 0.072265625
5 0.23828125 0.50390625 0.25390625 0.533203125 0.25 0.607421875 0.259765625 0.609375 0.263671875 0.5546875 0.2578125 0.525390625 0.236328125 0.490234375 0.208984375 0.466796875 0.15625 0.453125 0.111328125 0.453125 0.005859375 0.4765625 0 0.48828125 0.134765625 0.458984375 0.20703125 0.474609375 0.23828125 0.50390625
5 0.1953125 0.80078125 0.185546875 0.791015625 0.15234375 0.794921875 0.099609375 0.78515625 0.04296875 0.759765625 0.001953125 0.7265625 0 0.7421875 0.076171875 0.791015625 0.140625 0.806640625 0.1953125 0.80078125
5 0.76171875 0 0.708984375 0.029296875 0.646484375 0.01953125 0.625 0 0.611328125 0.00390625 0.642578125 0.02734375 0.708984375 0.0390625 0.751953125 0.02734375 0.794921875 0 0.76171875 0
5 0.423828125 0.80859375 0.392578125 0.787109375 0.283203125 0.767578125 0.26953125 0.7734375 0.283203125 0.78125 0.37890625 0.79296875 0.435546875 0.830078125 0.423828125 0.80859375