2 1 0.001953125 0.541015625 0.001953125 0.525390625 0.02734375 0.51171875 0.08984375 0.517578125 0.140625 0.541015625 0.17578125 0.61328125 0.21875 0.67578125 0.224609375 0.71484375 0.212890625 0.724609375 0.181640625 0.759765625 0.173828125 0.76171875 0.20703125 0.79296875 0.3203125 0.822265625 0.37890625 0.876953125 0.431640625 0.91796875 0.447265625 0.966796875 0.44921875 1 0.4375 1 0.001953125
2 0.578125 1 0.578125 0.970703125 0.552734375 0.939453125 0.53125 0.92578125 0.482421875 0.921875 0.45703125 0.904296875 0.423828125 0.865234375 0.412109375 0.822265625 0.267578125 0.822265625 0.185546875 0.810546875 0.00390625 0.720703125 0.001953125 1 0.578125 1
2 1 0.4609375 0.953125 0.46875 0.900390625 0.462890625 0.865234375 0.4453125 0.822265625 0.41015625 0.76953125 0.3125 0.7421875 0.197265625 0.71484375 0.2265625 0.697265625 0.234375 0.6328125 0.236328125 0.55859375 0.2109375 0.505859375 0.1640625 0.5 0.2265625 0.482421875 0.259765625 0.453125 0.37109375 0.447265625 0.47265625 0.42578125 0.521484375 0.388671875 0.576171875 0.453125 0.859375 0.478515625 0.890625 0.49609375 0.900390625 0.560546875 0.912109375 0.59375 0.951171875 0.599609375 1 0.962890625 1 0.98046875 0.994140625 1 1 1 0.65234375 0.982421875 0.642578125 0.98828125 0.619140625 1 0.62109375 1 0.4609375
0 0.59375 1 0.591796875 0.962890625 0.5703125 0.931640625 0.55078125 0.916015625 0.48828125 0.90625 0.447265625 0.859375 0.3828125 0.578125 0.421875 0.51953125 0.443359375 0.462890625 0.447265625 0.37109375 0.458984375 0.337890625 0.46484375 0.28125 0.490234375 0.23046875 0.498046875 0.1875 0.501953125 0.099609375 0.494140625 0.0078125 0.4921875 0.001953125 0.44921875 0.001953125 0.44921875 0.08203125 0.44140625 0.109375 0.43359375 0.244140625 0.41015625 0.37890625 0.404296875 0.4609375 0.38671875 0.505859375 0.330078125 0.572265625 0.306640625 0.607421875 0.306640625 0.62109375 0.3203125 0.640625 0.328125 0.640625 0.35546875 0.609375 0.373046875 0.63671875 0.396484375 0.703125 0.431640625 0.86328125 0.474609375 0.908203125 0.533203125 0.91796875 0.552734375 0.9296875 0.5859375 0.97265625 0.587890625 1 0.59375 1
2 0.578125 1 0.578125 0.970703125 0.537109375 0.927734375 0.484375 0.921875 0.458984375 0.904296875 0.423828125 0.8671875 0.412109375 0.822265625 0.2421875 0.822265625 0.18359375 0.8125 0.001953125 0.72265625 0.001953125 1 0.578125 1
2 0.33203125 0.650390625 0.306640625 0.640625 0.298828125 0.609375 0.337890625 0.548828125 0.380859375 0.5078125 0.3984375 0.4609375 0.40625 0.3515625 0.427734375 0.2421875 0.44140625 0.0078125 0.4375 0.001953125 0.00390625 0.00390625 0.001953125 0.509765625 0.0546875 0.505859375 0.080078125 0.51171875 0.0546875 0.59375 0.01171875 0.65234375 0.005859375 0.68359375 0.03515625 0.71484375 0.087890625 0.748046875 0.16015625 0.77734375 0.3671875 0.783203125 0.40625 0.775390625 0.396484375 0.720703125 0.361328125 0.625 0.34765625 0.626953125 0.33203125 0.650390625
2 1 0.001953125 0.541015625 0.001953125 0.525390625 0.029296875 0.51171875 0.087890625 0.515625 0.13671875 0.541015625 0.177734375 0.587890625 0.208984375 0.625 0.22265625 0.666015625 0.2265625 0.71484375 0.2109375 0.732421875 0.162109375 0.7578125 0.17578125 0.791015625 0.318359375 0.822265625 0.3828125 0.861328125 0.421875 0.890625 0.439453125 0.96875 0.44921875 1 0.4375 1 0.001953125
5 0.224609375 0.814453125 0.4140625 0.814453125 0.412109375 0.783203125 0.13671875 0.78125 0.12109375 0.775390625 0.224609375 0.814453125
5 0.43359375 0.798828125 0.4375 0.8125 0.56640625 0.798828125 0.6484375 0.767578125 0.65625 0.759765625 0.654296875 0.75 0.4375 0.783203125 0.43359375 0.798828125
5 0.0703125 0.37890625 0.076171875 0.40625 0.064453125 0.447265625 0.0625 0.5 0.017578125 0.619140625 0.001953125 0.640625 0.001953125 0.65625 0.037109375 0.61328125 0.0625 0.564453125 0.09375 0.416015625 0.08984375 0.373046875 0.0625 0.353515625 0.033203125 0.345703125 0.0703125 0.37890625
5 1 0.443359375 0.955078125 0.45703125 0.91015625 0.451171875 0.861328125 0.427734375 0.822265625 0.388671875 0.7734375 0.27734375 0.74609375 0.140625 0.734375 0.15234375 0.71875 0.2109375 0.6953125 0.224609375 0.646484375 0.228515625 0.615234375 0.22265625 0.544921875 0.18359375 0.515625 0.14453125 0.5078125 0.098306640625 0.501953125 0.095703125 0.533203125 0.001953125 0.5234375 0.005859375 0.5078125 0.04296875 0.5 0.08984375 0.501953125 0.140625 0.51171875 0.162109375 0.560546875 0.205078125 0.63671875 0.234375 0.69921875 0.23046875 0.73046875 0.20703125 0.751953125 0.23046875 0.765625 0.29296875 0.82421875 0.40625 0.890625 0.453125 0.9453125 0.46484375 0.9765625 0.4609375 1 0.453125 1 0.443359375
4 0.61328125 0.330078125 0.57421875 0.3984375 0.548828125 0.427734375 0.544921875 0.447265625 0.646484375 0.515625 0.65625 0.515625 0.669921875 0.501953125 0.693359375 0.4609375 0.71484375 0.40234375 0.70703125 0.369140625 0.673828125 0.345703125 0.61328125 0.330078125
4 0.728515625 0.6171875 0.736328125 0.73828125 0.751953125 0.748046875 0.771484375 0.728515625 0.802734375 0.58984375 0.79296875 0.578125 0.732421875 0.57421875 0.728515625 0.6171875
5 0.9140625 0.86328125 0.970703125 1 0.9765625 0.9921875 0.953125 0.91796875 0.927734375 0.87109375 0.9140625 0.86328125