1 0.8359375 1 0.828125 0.869140625 0.87890625 0.83984375 0.896484375 0.8515625 0.935546875 0.8515625 0.9296875 0.83984375 0.955078125 0.8125 0.966796875 0.8125 0.966796875 0.802734375 0.984375 0.787109375 0.98046875 0.775390625 0.998046875 0.755859375 0.998046875 0.001953125 0.3125 0.001953125 0.302734375 0.021484375 0.279296875 0.009765625 0.25 0.009765625 0.244140625 0.001953125 0 0.001953125 0 1 0.8359375 1
3 0 0.947265625 0.046875 0.953125 0.1171875 0.986328125 0.181640625 0.994140625 0.236328125 0.984375 0.271484375 0.962890625 0.298828125 0.96875 0.30859375 0.9609375 0.33984375 0.90625 0.34375 0.873046875 0.330078125 0.861328125 0.322265625 0.83203125 0.33203125 0.728515625 0.326171875 0.681640625 0.314453125 0.6875 0.30078125 0.75 0.298828125 0.8125 0.283203125 0.83203125 0.2734375 0.90234375 0.232421875 0.939453125 0.177734375 0.955078125 0.1171875 0.947265625 0.076171875 0.916015625 0 0.890625 0 0.947265625
3 0.669921875 1 0.681640625 0.986328125 0.703125 0.908203125 0.705078125 0.853515625 0.7265625 0.81640625 0.728515625 0.798828125 0.71484375 0.794921875 0.6875 0.806640625 0.685546875 0.787109375 0.6796875 0.80859375 0.662109375 0.828125 0.658203125 0.84375 0.671875 0.875 0.671875 0.919921875 0.650390625 0.98828125 0.65625 1 0.669921875 1
3 0.7421875 0.78515625 0.765625 0.705078125 0.74609375 0.7265625 0.73046875 0.732421875 0.724609375 0.748046875 0.73828125 0.755859375 0.734375 0.779296875 0.716796875 0.787109375 0.7421875 0.78515625
3 0.353515625 0.359375 0.369140625 0.298828125 0.3828125 0.279296875 0.55078125 0.220703125 0.556640625 0.205078125 0.546875 0.201171875 0.376953125 0.259765625 0.35546875 0.287109375 0.34765625 0.333984375 0.32421875 0.3671875 0.3046875 0.37890625 0.224609375 0.3828125 0.20703125 0.39453125 0.2109375 0.408203125 0.248046875 0.40234375 0.26953125 0.412109375 0.318359375 0.390625 0.353515625 0.359375
5 0.478515625 0.658203125 0.462890625 0.658203125 0.421875 0.591796875 0.392578125 0.525390625 0.36328125 0.494140625 0.353515625 0.462890625 0.33203125 0.4375 0.330078125 0.482421875 0.30078125 0.501953125 0.240234375 0.515625 0.228515625 0.53515625 0.25390625 0.5390625 0.3125 0.51171875 0.341796875 0.51953125 0.439453125 0.69921875 0.48828125 0.765625 0.505859375 0.76953125 0.525390625 0.76171875 0.49609375 0.681640625 0.478515625 0.658203125
5 0.859375 0.318359375 0.84765625 0.3125 0.841796875 0.29296875 0.845703125 0.263671875 0.83203125 0.19140625 0.771484375 0.07421875 0.755859375 0.064453125 0.74609375 0.03125 0.724609375 0.052734375 0.701171875 0.0390625 0.712890625 0.107421875 0.693359375 0.158203125 0.751953125 0.21484375 0.76171875 0.310546875 0.73828125 0.345703125 0.728515625 0.34765625 0.748046875 0.37890625 0.7734375 0.392578125 0.798828125 0.390625 0.80859375 0.3828125 0.837890625 0.333984375 0.859375 0.318359375
4 0.8990546875 0.876302734375 0.92334375 0.86762109375 0.9296875 0.845703125 0.912109375 0.85546875 0.896484375 0.8359375 0.84765625 0.853515625 0.8359375 0.865234375 0.83984375 0.998046875 0.928548828125 1 0.921875 0.8984375 0.914669921875 0.876302734375 0.8990546875 0.876302734375
0 0.57421875 0.427734375 0.55859375 0.462890625 0.60546875 0.53125 0.619140625 0.5390625 0.6015625 0.4765625 0.599609375 0.435546875 0.57421875 0.427734375
0 0.759765625 0.630859375 0.708984375 0.591796875 0.677734375 0.587890625 0.634765625 0.5703125 0.623046875 0.548828125 0.61328125 0.56640625 0.568359375 0.55859375 0.564453125 0.56640625 0.572265625 0.57421875 0.62109375 0.5859375 0.6640625 0.630859375 0.6796875 0.63671875 0.69140625 0.6953125 0.666015625 0.744140625 0.669921875 0.767578125 0.685546875 0.765625 0.74609375 0.716796875 0.763671875 0.681640625 0.759765625 0.630859375
5 0.720703125 0.369140625 0.6640625 0.34375 0.697265625 0.3828125 0.80078125 0.439453125 0.837890625 0.46875 0.84765625 0.46875 0.837890625 0.451171875 0.80078125 0.419921875 0.720703125 0.369140625