1 1 0.005859375 0.873046875 0.009765625 0.8515625 0.00390625 0.826171875 0.0078125 0.7734375 0.001953125 0.001953125 0.001953125 0.001953125 0.47265625 0.01953125 0.48828125 0.015625 0.529296875 0.001953125 0.55859375 0.001953125 0.736328125 0.046875 0.740234375 0.11328125 0.6640625 0.126953125 0.666015625 0.15234375 0.689453125 0.150390625 0.69921875 0.130859375 0.71875 0.240234375 0.666015625 0.275390625 0.658203125 0.361328125 0.654296875 0.412109375 0.66015625 0.4609375 0.677734375 0.501953125 0.701171875 0.55078125 0.767578125 0.576171875 0.84765625 0.599609375 0.87109375 0.62890625 0.92578125 0.630859375 1 0.6408359375 1 1 1 1 0.005859375
1 0.5234375 1 0.552734375 0.9453125 0.56640625 0.89453125 0.56640625 0.869140625 0.546875 0.845703125 0.5546875 0.833984375 0.55078125 0.8125 0.53515625 0.771484375 0.52734375 0.7734375 0.51953125 0.744140625 0.501953125 0.72265625 0.470703125 0.701171875 0.421875 0.681640625 0.33984375 0.669921875 0.25 0.685546875 0.126953125 0.751953125 0.09375 0.759765625 0.052734375 0.8125 0.0234375 0.7890625 0.02734375 0.76171875 0.001953125 0.7578125 0.001953125 0.908203125 0.021484375 0.908203125 0.0234375 0.88671875 0.09765625 0.80859375 0.14453125 0.826171875 0.208984375 0.896484375 0.21484375 0.91015625 0.2109375 0.921875 0.166015625 0.962890625 0.14453125 0.994140625 0.146484375 1 0.156404296875 1 0.5234375 1
4 0.13671875 1 0.166015625 0.95703125 0.201171875 0.927734375 0.2109375 0.908203125 0.19140625 0.876953125 0.150390625 0.8359375 0.115234375 0.81640625 0.095703125 0.814453125 0.02734375 0.888671875 0.025390625 0.900390625 0.033203125 0.9140625 0.001953125 0.919921875 0.001953125 1 0.041015625 1 0.064453125 0.984375 0.10546875 0.984375 0.126953125 1 0.13671875 1
4 0.166015625 0.767578125 0.189453125 0.8203125 0.23828125 0.8984375 0.24609375 0.8984375 0.326171875 0.849609375 0.3046875 0.78515625 0.26171875 0.71484375 0.166015625 0.767578125
4 0.478515625 0.537109375 0.453125 0.55859375 0.443359375 0.6171875 0.447265625 0.63671875 0.45703125 0.6484375 0.48828125 0.658203125 0.49609375 0.658203125 0.48828125 0.634765625 0.48828125 0.591796875 0.50390625 0.55859375 0.478515625 0.537109375
4 0.0546875 0.73828125 0.05078125 0.75 0.056640625 0.75 0.0693359375 0.75 0.1015625 0.744140625 0.1484375 0.689453125 0.11328125 0.666015625 0.0546875 0.73828125
4 0.0234375 0.783203125 0.048828125 0.806640625 0.052734375 0.806640625 0.08203125 0.765625 0.078125 0.759765625 0.03515625 0.76171875 0.0234375 0.783203125
5 0.626953125 1 0.62890625 0.94921875 0.6171875 0.90625 0.578125 0.857421875 0.548828125 0.7734375 0.525390625 0.732421875 0.5078125 0.7109375 0.48046875 0.69140625 0.408203125 0.6640625 0.33984375 0.658203125 0.267578125 0.6640625 0.22265625 0.6796875 0.09375 0.748046875 0.09375 0.75390625 0.119140625 0.748046875 0.236328125 0.6875 0.29296875 0.66796875 0.40234375 0.671875 0.466796875 0.6953125 0.50390625 0.71875 0.5234375 0.744140625 0.55859375 0.830078125 0.55078125 0.84765625 0.5703125 0.87109375 0.56640625 0.916015625 0.529296875 1 0.54296875 1 0.564453125 0.9609375 0.58203125 0.875 0.6171875 0.9296875 0.615234375 1 0.626953125 1
5 0.048828125 0.7578125 0.05078125 0.7578125 0.0625 0.75390625 0.001953125 0.740234375 0.001953125 0.751953125 0.048828125 0.7578125
1 0.611328125 1 0.615234375 0.994140625 0.61328125 0.927734375 0.5859375 0.8828125 0.57421875 0.94140625 0.546875 1 0.5576171875 1 0.611328125 1
4 0.001953125 0.478515625 0.001953125 0.489396484375 0.001953125 0.5546875 0.015625 0.509765625 0.015625 0.486328125 0.001953125 0.478515625