2 0.001953125 0 0.005859375 0.998046875 0.046875 0.998046875 0.0546875 0.9921875 0.060546875 0.998046875 0.505859375 0.998046875 0.51171875 0.9921875 0.5078125 0.94921875 0.517578125 0.939453125 0.591796875 0.986328125 0.638671875 0.984375 0.65234375 0.9921875 0.689453125 0.98828125 0.744140625 0.998046875 1 0.994140625 1 0 0.001953125 0
0 0.75390625 0.486328125 0.7421875 0.525390625 0.6875 0.58984375 0.658203125 0.615234375 0.625 0.626953125 0.5703125 0.603515625 0.51953125 0.591796875 0.3984375 0.533203125 0.359375 0.52734375 0.341796875 0.5546875 0.330078125 0.59765625 0.328125 0.705078125 0.40234375 0.76953125 0.51171875 0.828125 0.58203125 0.837890625 0.6015625 0.81640625 0.662109375 0.775390625 0.705078125 0.71875 0.734375 0.697265625 0.87109375 0.65234375 0.9921875 0.572265625 0.982421875 0.537109375 0.94140625 0.490234375 0.8984375 0.423828125 0.88671875 0.416015625 0.85546875 0.421875 0.779296875 0.4609375 0.75390625 0.486328125
5 0.029296875 0.419921875 0.029296875 0.458984375 0.07421875 0.50390625 0.16796875 0.54296875 0.310546875 0.546875 0.3359375 0.525390625 0.25 0.51953125 0.23828125 0.52734375 0.19140625 0.53125 0.1484375 0.51171875 0.072265625 0.4921875 0.046875 0.47265625 0.09375 0.341796875 0.138671875 0.267578125 0.15234375 0.2265625 0.18359375 0.181640625 0.228515625 0.16015625 0.21875 0.1484375 0.20703125 0.1484375 0.15234375 0.19921875 0.078125 0.3125 0.029296875 0.419921875
5 0.2421875 0.21484375 0.296875 0.216796875 0.39453125 0.185546875 0.46484375 0.140625 0.62890625 0.0546875 0.666015625 0.041015625 0.689453125 0.046875 0.677734375 0.041015625 0.630859375 0.037109375 0.576171875 0.048828125 0.244140625 0.205078125 0.2421875 0.21484375
5 0.619140625 0.330078125 0.638671875 0.33203125 0.6484375 0.32421875 0.6484375 0.306640625 0.603515625 0.29296875 0.59375 0.296875 0.564453125 0.28515625 0.529296875 0.294921875 0.619140625 0.330078125
5 1 0.24609375 0.81640625 0.103515625 0.66015625 0.03515625 0.630859375 0.033203125 0.576171875 0.046875 0.423828125 0.126953125 0.388671875 0.13671875 0.37109375 0.154296875 0.263671875 0.19921875 0.220703125 0.19921875 0.216796875 0.189453125 0.19921875 0.189453125 0.19140625 0.19921875 0.22265625 0.216796875 0.275390625 0.224609375 0.380859375 0.1875 0.396484375 0.19140625 0.408203125 0.173828125 0.51953125 0.119140625 0.62109375 0.05859375 0.654296875 0.044921875 0.673828125 0.044921875 0.76953125 0.083984375 0.8515625 0.1328125 0.916015625 0.193359375 0.978515625 0.236328125 0.990234375 0.26171875 0.9765625 0.3203125 0.966796875 0.33984375 0.943359375 0.359375 0.9063452734375 0.368187880859375 0.92578125 0.373046875 0.93359375 0.3671875 0.939453125 0.375 0.962890625 0.37109375 0.978515625 0.359375 1 0.333984375 1 0.24609375
5 0.787109375 0.326171875 0.712890625 0.328125 0.697265625 0.345703125 0.775390625 0.361328125 0.87890625 0.361328125 0.886449353515625 0.363213900390625 0.787109375 0.326171875
5 1 0.244140625 0.888671875 0.158203125 0.876953125 0.15234375 0.923828125 0.19921875 0.97265625 0.232421875 0.98828125 0.259765625 0.984375 0.294921875 0.96875 0.3359375 0.927734375 0.369140625 0.900390625 0.3671875 0.89190711328125 0.36402415625 0.900390625 0.37109375 0.958984375 0.373046875 1 0.333984375 1 0.244140625
5 0.5234375 0.294921875 0.59375 0.326171875 0.716796875 0.357421875 0.8828125 0.369140625 0.8877987890625 0.36249223828125 0.78515625 0.32421875 0.775390625 0.328125 0.671875 0.3125 0.5 0.265625 0.4609375 0.228515625 0.4296875 0.22265625 0.5234375 0.294921875
0 0.1015625 0.62890625 0.076171875 0.662109375 0.0703125 0.705078125 0.09765625 0.751953125 0.140625 0.76171875 0.181640625 0.734375 0.19921875 0.744140625 0.21484375 0.771484375 0.244140625 0.794921875 0.25390625 0.78125 0.19921875 0.6796875 0.16015625 0.638671875 0.166015625 0.62109375 0.12109375 0.62109375 0.1015625 0.62890625
0 0.0625 0 0.04296875 0.052734375 0.0546875 0.06640625 0.072265625 0.0703125 0.115234375 0.05859375 0.111328125 0.029296875 0.1015625 0.015625 0.1015625 0 0.0625 0