1 0.150390625 0 0.15234375 0.02734375 0.169921875 0.05078125 0.1640625 0.09765625 0.1484375 0.125 0.12109375 0.140625 0.111328125 0.13671875 0.10546875 0.142578125 0.080078125 0.14453125 0.068359375 0.134765625 0.068359375 0.111328125 0.048828125 0.06640625 0.021484375 0.076171875 0 0.064453125 0 0.998046875 0.6875 0.998046875 0.697265625 0.9921875 0.70703125 0.998046875 0.78125 0.998046875 0.783203125 0.990234375 0.7890625 0.990234375 0.791015625 0.998046875 0.998046875 0.998046875 0.998046875 0 0.5546875 0 0.52734375 0.044921875 0.5390625 0.07421875 0.53515625 0.087890625 0.521484375 0.107421875 0.505859375 0.107421875 0.490234375 0.12109375 0.505859375 0.126953125 0.501953125 0.130859375 0.515625 0.1640625 0.5234375 0.224609375 0.55078125 0.232421875 0.583984375 0.263671875 0.595703125 0.2890625 0.5625 0.287109375 0.529296875 0.31640625 0.474609375 0.328125 0.470703125 0.353515625 0.455078125 0.37109375 0.412109375 0.388671875 0.439453125 0.42578125 0.453125 0.42578125 0.4609375 0.439453125 0.44140625 0.466796875 0.42578125 0.466796875 0.423828125 0.47265625 0.38671875 0.482421875 0.373046875 0.515625 0.35546875 0.5078125 0.34765625 0.4921875 0.322265625 0.46875 0.322265625 0.439453125 0.3125 0.40625 0.326171875 0.375 0.271484375 0.271484375 0.26953125 0.1875 0.28125 0.158203125 0.26953125 0.150390625 0.263671875 0.12109375 0.28125 0.09375 0.2890625 0.06640625 0.353515625 0.021484375 0.349609375 0.00390625 0.341796875 0 0.33172265625 0 0.150390625 0
4 0.755859375 0.263671875 0.765625 0.255859375 0.765625 0.23828125 0.759765625 0.2421875 0.751953125 0.236328125 0.740234375 0.216796875 0.7421875 0.20703125 0.734375 0.19921875 0.740234375 0.189453125 0.73046875 0.169921875 0.7265625 0.130859375 0.71484375 0.115234375 0.712890625 0.11328125 0.6015625 0.1328125 0.615234375 0.283203125 0.716796875 0.2734375 0.755859375 0.263671875
4 0.568359375 0.767578125 0.6171875 0.794921875 0.625 0.806640625 0.6328125 0.806640625 0.66796875 0.73046875 0.68359375 0.671875 0.65234375 0.658203125 0.619140625 0.654296875 0.546875 0.6328125 0.5390625 0.6328125 0.50390625 0.736328125 0.50390625 0.75 0.5234375 0.759765625 0.568359375 0.767578125
4 0.349609375 0.404296875 0.369140625 0.40234375 0.462890625 0.35546875 0.451171875 0.3125 0.4375 0.310546875 0.435546875 0.283203125 0.451171875 0.27734375 0.4453125 0.232421875 0.435546875 0.232421875 0.345703125 0.26953125 0.330078125 0.2890625 0.328125 0.357421875 0.349609375 0.404296875
4 0.361328125 0 0.36328125 0.02734375 0.373046875 0.04296875 0.37890625 0.087890625 0.38671875 0.103515625 0.40234375 0.109375 0.46484375 0.10546875 0.525390625 0.087890625 0.53125 0.07421875 0.513671875 0.029296875 0.509765625 0 0.499869140625 0 0.361328125 0
4 0.69921875 0.576171875 0.720703125 0.580078125 0.75390625 0.546875 0.779296875 0.486328125 0.73828125 0.455078125 0.705078125 0.443359375 0.6953125 0.443359375 0.6875 0.453125 0.68359375 0.484375 0.689453125 0.5625 0.69921875 0.576171875
4 0.017578125 0 0 0.0078125 0 0.046875 0.013671875 0.0625 0.03515625 0.0625 0.076171875 0.029296875 0.078125 0 0.068033203125 0 0.017578125 0
2 0.126953125 0 0.0859375 0.001953125 0.0859375 0.056640625 0.060546875 0.068359375 0.0625 0.0859375 0.076171875 0.103515625 0.078125 0.13671875 0.111328125 0.123046875 0.134765625 0.126953125 0.15625 0.1015625 0.166015625 0.05078125 0.14453125 0.033203125 0.146484375 0.015625 0.13671875 0 0.126953125 0
2 0.341796875 0.470703125 0.359375 0.5 0.369140625 0.5 0.373046875 0.486328125 0.392578125 0.46875 0.41015625 0.466796875 0.42578125 0.45703125 0.435546875 0.4609375 0.44140625 0.453125 0.4296875 0.435546875 0.431640625 0.423828125 0.41015625 0.3984375 0.390625 0.392578125 0.37109375 0.40625 0.34765625 0.40625 0.3359375 0.390625 0.33203125 0.390625 0.318359375 0.408203125 0.330078125 0.4375 0.326171875 0.4609375 0.341796875 0.470703125
2 0.513671875 0 0.513671875 0.0234375 0.5234375 0.03515625 0.53125 0.03125 0.548828125 0 0.537109375 0 0.513671875 0
2 0.291015625 0.158203125 0.291015625 0.16796875 0.27734375 0.1875 0.275390625 0.263671875 0.287109375 0.296875 0.302734375 0.3125 0.314453125 0.33984375 0.322265625 0.34375 0.322265625 0.306640625 0.34375 0.267578125 0.4375 0.228515625 0.44921875 0.234375 0.4453125 0.24609375 0.453125 0.255859375 0.453125 0.26953125 0.439453125 0.28515625 0.439453125 0.296875 0.4453125 0.30078125 0.439453125 0.30078125 0.439453125 0.310546875 0.455078125 0.310546875 0.46875 0.3203125 0.50390625 0.31640625 0.525390625 0.310546875 0.533203125 0.296875 0.55078125 0.291015625 0.55859375 0.28125 0.578125 0.279296875 0.560546875 0.25 0.54296875 0.23828125 0.525390625 0.23828125 0.515625 0.228515625 0.5078125 0.158203125 0.498046875 0.134765625 0.478515625 0.1171875 0.4609375 0.109375 0.375 0.1171875 0.373046875 0.0625 0.359375 0.041015625 0.359375 0.03125 0.34765625 0.03125 0.291015625 0.072265625 0.271484375 0.119140625 0.271484375 0.138671875 0.291015625 0.158203125